nr, area, centroidx, centroidy, numBars, pixPerBar0, ..., pixPerBarN, vertex1x, vertex1y, vertex2x, ...
0, 0.041666666666666664, 0.027777777777777776, 0.36111111111111105, 9, 0, 0, 0, 0, 0, 0, 0, 0, 0, 0, 0, 0.08333333333333333, 0.08333333333333333, 0, 1
1, 0.0037878787878787915, 0.05808080808080805, 0.3914141414141412, 9, 0, 0, 0, 0, 0, 0, 0, 0, 1, 0.08333333333333333, 0.08333333333333333, 0.09090909090909091, 0.09090909090909091, 0, 1
2, 0.017045454545454544, 0.07196969696969698, 0.40530303030303044, 9, 0, 0, 0, 0, 0, 0, 0, 1, 0, 0.09090909090909091, 0.09090909090909091, 0.125, 0.125, 0, 1
3, 0.02083333333333333, 0.09722222222222224, 0.4305555555555557, 9, 0, 0, 0, 0, 0, 0, 1, 0, 0, 0.125, 0.125, 0.16666666666666666, 0.16666666666666666, 0, 1
4, 0.011904761904761904, 0.10317460317460322, 0.5317460317460317, 9, 0, 0, 0, 0, 0, 1, 0, 0, 0, 0.16666666666666666, 0.16666666666666666, 0.14285714285714285, 0.4285714285714286, 0, 1
5, 0.003246753246753248, 0.1637806637806638, 0.2775372775372775, 9, 0, 0, 0, 0, 0, 1, 0, 0, 1, 0.16666666666666666, 0.16666666666666666, 0.18181818181818182, 0.18181818181818182, 0.16666666666666666, 0.33333333333333326, 0.14285714285714285, 0.4285714285714286
6, 0.0015151515151515145, 0.1828282828282828, 0.23838383838383817, 9, 0, 0, 0, 0, 0, 1, 0, 1, 0, 0.18181818181818182, 0.18181818181818182, 0.2, 0.2, 0.16666666666666666, 0.33333333333333326
7, 0.013095238095238094, 0.19256854256854256, 0.3455266955266954, 9, 0, 0, 0, 0, 1, 0, 0, 1, 0, 0.2, 0.2, 0.25, 0.25, 0.14285714285714285, 0.5714285714285714, 0.16666666666666666, 0.33333333333333326
8, 0.0029761904761904795, 0.14484126984126977, 0.48611111111111077, 9, 0, 0, 0, 0, 1, 0, 0, 0, 1, 0.14285714285714285, 0.5714285714285714, 0.125, 0.625, 0.14285714285714285, 0.4285714285714286, 0.16666666666666666, 0.33333333333333326
9, 0.008928571428571425, 0.08928571428571426, 0.6845238095238095, 9, 0, 0, 0, 0, 1, 0, 0, 0, 0, 0.125, 0.625, 0, 1, 0.14285714285714285, 0.4285714285714286
10, 0.016071428571428605, 0.1837301587301586, 0.5293650793650788, 9, 0, 0, 0, 1, 0, 0, 0, 1, 0, 0.25, 0.25, 0.2, 0.6000000000000001, 0.125, 0.75, 0.14285714285714285, 0.5714285714285714
11, 0.001984126984126991, 0.12632275132275114, 0.6789021164021154, 9, 0, 0, 0, 1, 0, 0, 0, 0, 1, 0.125, 0.75, 0.1111111111111111, 0.7777777777777777, 0.125, 0.625, 0.14285714285714285, 0.5714285714285714
12, 0.006944444444444434, 0.07870370370370372, 0.8009259259259264, 9, 0, 0, 0, 1, 0, 0, 0, 0, 0, 0.1111111111111111, 0.7777777777777777, 0, 1, 0.125, 0.625
13, 0.002777777777777775, 0.22407407407407387, 0.46851851851851917, 9, 0, 0, 0, 1, 0, 0, 1, 0, 0, 0.25, 0.25, 0.2222222222222222, 0.5555555555555554, 0.2, 0.6000000000000001
14, 0.006313131313131312, 0.24831649831649838, 0.3927609427609429, 9, 0, 0, 0, 1, 0, 0, 1, 0, 1, 0.25, 0.25, 0.2727272727272727, 0.2727272727272727, 0.25, 0.5, 0.2222222222222222, 0.5555555555555554
15, 0.007575757575757576, 0.28535353535353525, 0.3686868686868685, 9, 0, 0, 0, 1, 0, 0, 1, 1, 0, 0.2727272727272727, 0.2727272727272727, 0.3333333333333333, 0.3333333333333333, 0.25, 0.5
16, 0.013888888888888902, 0.26851851851851843, 0.5648148148148143, 9, 0, 0, 1, 0, 0, 0, 1, 1, 0, 0.3333333333333333, 0.3333333333333333, 0.25, 0.75, 0.2222222222222222, 0.7777777777777777, 0.25, 0.5
17, 0.00555555555555555, 0.22407407407407406, 0.655555555555556, 9, 0, 0, 1, 0, 0, 0, 1, 0, 1, 0.2222222222222222, 0.7777777777777777, 0.2, 0.7999999999999998, 0.2222222222222222, 0.5555555555555554, 0.25, 0.5
18, 0.005555555555555536, 0.19629629629629639, 0.707407407407408, 9, 0, 0, 1, 0, 0, 0, 1, 0, 0, 0.2, 0.7999999999999998, 0.16666666666666666, 0.8333333333333333, 0.2, 0.6000000000000001, 0.2222222222222222, 0.5555555555555554
19, 0.009722222222222215, 0.1533068783068784, 0.7621693121693122, 9, 0, 0, 1, 0, 0, 0, 0, 1, 0, 0.16666666666666666, 0.8333333333333333, 0.1111111111111111, 0.8888888888888888, 0.125, 0.75, 0.2, 0.6000000000000001
20, 0.001388888888888891, 0.11203703703703706, 0.8277777777777772, 9, 0, 0, 1, 0, 0, 0, 0, 0, 1, 0.1111111111111111, 0.8888888888888888, 0.1, 0.8999999999999999, 0.1111111111111111, 0.7777777777777777, 0.125, 0.75
21, 0.00555555555555555, 0.07037037037037036, 0.8925925925925926, 9, 0, 0, 1, 0, 0, 0, 0, 0, 0, 0.1, 0.8999999999999999, 0, 1, 0.1111111111111111, 0.7777777777777777
22, 0.008333333333333304, 0.2944444444444449, 0.5944444444444446, 9, 0, 0, 1, 0, 0, 1, 0, 1, 0, 0.3333333333333333, 0.3333333333333333, 0.3, 0.6999999999999997, 0.25, 0.75
23, 0.010606060606060605, 0.33232323232323246, 0.5132756132756131, 9, 0, 0, 1, 0, 0, 1, 0, 1, 1, 0.3333333333333333, 0.3333333333333333, 0.36363636363636365, 0.36363636363636365, 0.3333333333333333, 0.6666666666666667, 0.3, 0.6999999999999997
24, 0.0018939393939393784, 0.3573232323232322, 0.46843434343434615, 9, 0, 0, 1, 0, 0, 1, 0, 2, 0, 0.36363636363636365, 0.36363636363636365, 0.375, 0.375, 0.3333333333333333, 0.6666666666666667
25, 0.0041666666666666935, 0.3694444444444443, 0.4805555555555554, 9, 0, 0, 1, 0, 0, 1, 1, 1, 0, 0.375, 0.375, 0.4, 0.4, 0.3333333333333333, 0.6666666666666667
26, 0.008333333333333318, 0.3833333333333332, 0.5388888888888886, 9, 0, 0, 1, 0, 1, 0, 1, 1, 0, 0.4, 0.4, 0.4166666666666667, 0.4166666666666667, 0.4, 0.5999999999999996, 0.3333333333333333, 0.6666666666666667
27, 0.005808080808080804, 0.4269579856536379, 0.5065070999853605, 9, 0, 0, 1, 0, 1, 0, 1, 1, 1, 0.4166666666666667, 0.4166666666666667, 0.45454545454545453, 0.45454545454545453, 0.4444444444444444, 0.5555555555555554, 0.4, 0.5999999999999996
28, 0.0025252525252525138, 0.4663299663299664, 0.5033670033670039, 9, 0, 0, 1, 0, 1, 0, 1, 2, 0, 0.45454545454545453, 0.45454545454545453, 0.5, 0.5, 0.4444444444444444, 0.5555555555555554
29, 0.003968253968253982, 0.4576719576719574, 0.5899470899470897, 9, 0, 1, 0, 0, 1, 0, 1, 2, 0, 0.5, 0.5, 0.42857142857142855, 0.7142857142857144, 0.4444444444444444, 0.5555555555555554
30, 0.008531746031746043, 0.4098037406176943, 0.6901408883967023, 9, 0, 1, 0, 0, 1, 0, 1, 1, 1, 0.42857142857142855, 0.7142857142857144, 0.375, 0.875, 0.4, 0.5999999999999996, 0.4444444444444444, 0.5555555555555554
31, 0.020833333333333356, 0.3494444444444443, 0.8049999999999997, 9, 0, 1, 0, 0, 1, 0, 1, 1, 0, 0.375, 0.875, 0.3333333333333333, 1, 0.3, 1, 0.3333333333333333, 0.6666666666666667, 0.4, 0.5999999999999996
32, 0.0023809523809523864, 0.306349206349205, 0.8888888888888876, 9, 0, 1, 0, 0, 1, 0, 1, 0, 1, 0.3, 1, 0.2857142857142857, 1, 0.3333333333333333, 0.6666666666666667
33, 0.004329004329004335, 0.29725829725829733, 0.865079365079364, 9, 0, 1, 0, 0, 1, 0, 0, 1, 1, 0.2857142857142857, 1, 0.2727272727272727, 1, 0.2857142857142857, 0.8571428571428572, 0.3333333333333333, 0.6666666666666667
34, 0.001623376623376624, 0.26948051948051954, 0.9523809523809516, 9, 0, 1, 0, 0, 1, 0, 0, 1, 0, 0.2727272727272727, 1, 0.25, 1, 0.2857142857142857, 0.8571428571428572
35, 0.014285714285714318, 0.2535714285714283, 0.8648809523809519, 9, 0, 1, 0, 0, 0, 1, 0, 1, 0, 0.25, 1, 0.2, 1, 0.25, 0.75, 0.3, 0.6999999999999997, 0.2857142857142857, 0.8571428571428572
36, 0.0023809523809523586, 0.3063492063492086, 0.7412698412698455, 9, 0, 1, 0, 0, 0, 1, 0, 1, 1, 0.3, 0.6999999999999997, 0.3333333333333333, 0.6666666666666667, 0.2857142857142857, 0.8571428571428572
37, 0.002777777777777782, 0.22407407407407412, 0.8425925925925924, 9, 0, 1, 0, 0, 0, 0, 1, 1, 0, 0.2, 1, 0.2222222222222222, 0.7777777777777777, 0.25, 0.75
38, 0.004040404040404039, 0.20134680134680144, 0.8925925925925926, 9, 0, 1, 0, 0, 0, 0, 1, 0, 1, 0.2, 1, 0.18181818181818182, 1, 0.2, 0.7999999999999998, 0.2222222222222222, 0.7777777777777777
39, 0.006277056277056291, 0.1729760660795142, 0.9122605363984672, 9, 0, 1, 0, 0, 0, 0, 1, 0, 0, 0.18181818181818182, 1, 0.14285714285714285, 1, 0.16666666666666666, 0.8333333333333333, 0.2, 0.7999999999999998
40, 0.0063492063492063475, 0.13187830687830684, 0.9282407407407411, 9, 0, 1, 0, 0, 0, 0, 0, 1, 0, 0.14285714285714285, 1, 0.1, 1, 0.1111111111111111, 0.8888888888888888, 0.16666666666666666, 0.8333333333333333
41, 0.0010101010101010166, 0.10067340067340046, 0.9462962962962946, 9, 0, 1, 0, 0, 0, 0, 0, 0, 1, 0.1, 1, 0.09090909090909091, 1, 0.1, 0.8999999999999999, 0.1111111111111111, 0.8888888888888888
42, 0.004545454545454547, 0.0636363636363636, 0.9666666666666667, 9, 0, 1, 0, 0, 0, 0, 0, 0, 0, 0.09090909090909091, 1, 0, 1, 0.1, 0.8999999999999999
43, 0.007142857142857131, 0.44285714285714434, 0.7380952380952378, 9, 0, 1, 0, 1, 0, 0, 1, 2, 0, 0.5, 0.5, 0.4, 1, 0.42857142857142855, 0.7142857142857144
44, 0.0076298701298701255, 0.39474302293451197, 0.8914640324214794, 9, 0, 1, 0, 1, 0, 0, 1, 1, 1, 0.4, 1, 0.36363636363636365, 1, 0.375, 0.875, 0.42857142857142855, 0.7142857142857144
45, 0.0018939393939393923, 0.35732323232323265, 0.9583333333333346, 9, 0, 1, 0, 1, 0, 0, 1, 1, 0, 0.36363636363636365, 1, 0.3333333333333333, 1, 0.375, 0.875
46, 0.0071428571428571175, 0.4428571428571433, 0.8333333333333346, 9, 0, 1, 0, 1, 0, 1, 0, 2, 0, 0.5, 0.5, 0.42857142857142855, 1, 0.4, 1
47, 0.006493506493506496, 0.46103896103895947, 0.8333333333333334, 9, 0, 1, 0, 1, 0, 1, 1, 1, 0, 0.5, 0.5, 0.45454545454545453, 1, 0.42857142857142855, 1
48, 0.022727272727272735, 0.5000000000000002, 0.757575757575758, 9, 0, 1, 0, 1, 0, 1, 1, 1, 1, 0.5, 0.5, 0.5454545454545454, 0.5454545454545454, 0.5, 1, 0.45454545454545453, 1
49, 0.012445887445887455, 0.5449996863040334, 0.7230535165317774, 9, 0, 1, 0, 1, 0, 1, 1, 2, 0, 0.5454545454545454, 0.5454545454545454, 0.5833333333333334, 0.5833333333333334, 0.5714285714285714, 0.7142857142857144, 0.5, 1
50, 0.001190476190476214, 0.58492063492063, 0.6325396825396778, 9, 0, 1, 0, 1, 0, 1, 1, 2, 1, 0.5833333333333334, 0.5833333333333334, 0.6, 0.6, 0.5714285714285714, 0.7142857142857144
51, 0.00853174603174603, 0.5901962593823069, 0.7318721545465741, 9, 0, 1, 0, 1, 1, 0, 1, 2, 1, 0.6, 0.6, 0.625, 0.625, 0.6, 0.8000000000000007, 0.5555555555555556, 0.8888888888888884, 0.5714285714285714, 0.7142857142857144
52, 0.003968253968253926, 0.5423280423280432, 0.8677248677248705, 9, 0, 1, 0, 1, 1, 0, 1, 2, 0, 0.5555555555555556, 0.8888888888888884, 0.5, 1, 0.5714285714285714, 0.7142857142857144
53, 0.002272727272727315, 0.6204545454545387, 0.707954545454541, 9, 0, 1, 0, 1, 1, 0, 2, 1, 1, 0.625, 0.625, 0.6363636363636364, 0.6363636363636364, 0.625, 0.75, 0.6, 0.8000000000000007
54, 0.0018939393939393923, 0.642676767676768, 0.6843434343434346, 9, 0, 1, 0, 1, 1, 0, 2, 2, 0, 0.6363636363636364, 0.6363636363636364, 0.6666666666666666, 0.6666666666666666, 0.625, 0.75
55, 0.004166666666666624, 0.6305555555555562, 0.8055555555555581, 9, 0, 1, 1, 0, 1, 0, 2, 2, 0, 0.6666666666666666, 0.6666666666666666, 0.6, 1, 0.625, 0.75
56, 0.005357142857142838, 0.5988095238095247, 0.8944444444444458, 9, 0, 1, 1, 0, 1, 0, 2, 1, 1, 0.6, 1, 0.5714285714285714, 1, 0.6, 0.8000000000000007, 0.625, 0.75
57, 0.0046176046176046315, 0.569979557479557, 0.9171296296296275, 9, 0, 1, 1, 0, 1, 0, 1, 2, 1, 0.5714285714285714, 1, 0.5454545454545454, 1, 0.5555555555555556, 0.8888888888888884, 0.6, 0.8000000000000007
58, 0.0025252525252525415, 0.5336700336700332, 0.9629629629629616, 9, 0, 1, 1, 0, 1, 0, 1, 2, 0, 0.5454545454545454, 1, 0.5, 1, 0.5555555555555556, 0.8888888888888884
59, 0.006060606060606072, 0.6343434343434341, 0.8888888888888884, 9, 0, 1, 1, 0, 1, 1, 1, 2, 0, 0.6666666666666666, 0.6666666666666666, 0.6363636363636364, 1, 0.6, 1
60, 0.017316017316017285, 0.6800144300144304, 0.8324314574314576, 9, 0, 1, 1, 0, 1, 1, 1, 2, 1, 0.6666666666666666, 0.6666666666666666, 0.7272727272727273, 0.7272727272727273, 0.7142857142857143, 0.8571428571428568, 0.6666666666666666, 1, 0.6363636363636364, 1
61, 0.0016233766233766378, 0.7305194805194792, 0.7781385281385272, 9, 0, 1, 1, 0, 1, 1, 1, 3, 0, 0.7272727272727273, 0.7272727272727273, 0.75, 0.75, 0.7142857142857143, 0.8571428571428568
62, 0.0035714285714285587, 0.7214285714285735, 0.8928571428571425, 9, 0, 1, 1, 1, 0, 1, 1, 3, 0, 0.75, 0.75, 0.7142857142857143, 1, 0.7, 1, 0.7142857142857143, 0.8571428571428568
63, 0.002380952380952428, 0.6936507936507906, 0.9523809523809462, 9, 0, 1, 1, 1, 0, 1, 1, 2, 1, 0.7, 1, 0.6666666666666666, 1, 0.7142857142857143, 0.8571428571428568
64, 0.0016233766233766378, 0.7305194805194792, 0.9166666666666666, 9, 0, 1, 1, 1, 0, 1, 2, 2, 0, 0.75, 0.75, 0.7272727272727273, 1, 0.7142857142857143, 1
65, 0.009090909090909038, 0.7590909090909105, 0.870833333333335, 9, 0, 1, 1, 1, 0, 1, 2, 2, 1, 0.75, 0.75, 0.8, 0.8, 0.75, 1, 0.7272727272727273, 1
66, 0.006818181818181834, 0.7893939393939384, 0.9171717171717163, 9, 0, 1, 1, 1, 1, 0, 2, 2, 1, 0.8, 0.8, 0.8181818181818182, 0.8181818181818182, 0.8, 1, 0.75, 1
67, 0.001515151515151525, 0.8171717171717133, 0.8838383838383861, 9, 0, 1, 1, 1, 1, 0, 2, 3, 0, 0.8181818181818182, 0.8181818181818182, 0.8333333333333334, 0.8333333333333334, 0.8, 1
68, 0.001515151515151525, 0.8171717171717194, 0.9444444444444383, 9, 0, 1, 1, 1, 1, 1, 1, 3, 0, 0.8333333333333334, 0.8333333333333334, 0.8181818181818182, 1, 0.8, 1
69, 0.006222943722943686, 0.8452773072338308, 0.9245169082125618, 9, 0, 1, 1, 1, 1, 1, 1, 3, 1, 0.8333333333333334, 0.8333333333333334, 0.875, 0.875, 0.8571428571428571, 1, 0.8181818181818182, 1
70, 0.004383116883116933, 0.8841149591149556, 0.9465488215488194, 9, 0, 1, 1, 1, 1, 1, 2, 2, 1, 0.875, 0.875, 0.9090909090909091, 0.9090909090909091, 0.9, 1, 0.8571428571428571, 1
71, 0.0007575757575757347, 0.9085858585858655, 0.9570707070707152, 9, 0, 1, 1, 1, 1, 1, 2, 3, 0, 0.9090909090909091, 0.9090909090909091, 0.9166666666666666, 0.9166666666666666, 0.9090909090909091, 1, 0.9, 1
72, 0.0037878787878787845, 0.9419191919191933, 0.9722222222222227, 9, 0, 1, 1, 1, 1, 1, 2, 3, 1, 0.9166666666666666, 0.9166666666666666, 1, 1, 0.9090909090909091, 1
73, 0.003787878787878788, 0.05808080808080809, 0.027777777777777776, 9, 1, 0, 0, 0, 0, 0, 0, 0, 0, 0, 0, 0.09090909090909091, 0, 0.08333333333333333, 0.08333333333333333
74, 0.0007575757575757581, 0.0914141414141414, 0.04292929292929293, 9, 1, 0, 0, 0, 0, 0, 0, 0, 1, 0.09090909090909091, 0, 0.1, 0, 0.09090909090909091, 0.09090909090909091, 0.08333333333333333, 0.08333333333333333
75, 0.004383116883116882, 0.11588504088504087, 0.05345117845117845, 9, 1, 0, 0, 0, 0, 0, 0, 1, 0, 0.1, 0, 0.14285714285714285, 0, 0.125, 0.125, 0.09090909090909091, 0.09090909090909091
76, 0.006222943722943724, 0.15472269276617107, 0.07548309178743959, 9, 1, 0, 0, 0, 0, 0, 1, 0, 0, 0.14285714285714285, 0, 0.18181818181818182, 0, 0.16666666666666666, 0.16666666666666666, 0.125, 0.125
77, 0.0015151515151515145, 0.1828282828282828, 0.05555555555555555, 9, 1, 0, 0, 0, 0, 0, 1, 0, 1, 0.18181818181818182, 0, 0.2, 0, 0.16666666666666666, 0.16666666666666666
78, 0.001515151515151518, 0.18282828282828278, 0.11616161616161609, 9, 1, 0, 0, 0, 0, 1, 0, 0, 1, 0.2, 0, 0.18181818181818182, 0.18181818181818182, 0.16666666666666666, 0.16666666666666666
79, 0.006818181818181817, 0.21060606060606063, 0.08282828282828288, 9, 1, 0, 0, 0, 0, 1, 0, 1, 0, 0.2, 0, 0.25, 0, 0.2, 0.2, 0.18181818181818182, 0.18181818181818182
80, 0.009090909090909087, 0.24090909090909096, 0.12916666666666665, 9, 1, 0, 0, 0, 1, 0, 0, 1, 0, 0.25, 0, 0.2727272727272727, 0, 0.25, 0.25, 0.2, 0.2
81, 0.001623376623376624, 0.2694805194805188, 0.08333333333333333, 9, 1, 0, 0, 0, 1, 0, 0, 1, 1, 0.2727272727272727, 0, 0.2857142857142857, 0, 0.25, 0.25
82, 0.0035714285714285726, 0.27857142857142825, 0.10714285714285693, 9, 1, 0, 0, 0, 1, 0, 1, 0, 1, 0.2857142857142857, 0, 0.3, 0, 0.2857142857142857, 0.1428571428571428, 0.25, 0.25
83, 0.0023809523809523794, 0.30634920634920665, 0.047619047619047596, 9, 1, 0, 0, 0, 1, 0, 1, 1, 0, 0.3, 0, 0.3333333333333333, 0, 0.2857142857142857, 0.1428571428571428
84, 0.017316017316017323, 0.3199855699855701, 0.16756854256854256, 9, 1, 0, 0, 1, 0, 0, 1, 1, 0, 0.3333333333333333, 0, 0.36363636363636365, 0, 0.3333333333333333, 0.3333333333333333, 0.2727272727272727, 0.2727272727272727, 0.2857142857142857, 0.1428571428571428
85, 0.006060606060606058, 0.3656565656565656, 0.1111111111111111, 9, 1, 0, 0, 1, 0, 0, 1, 1, 1, 0.36363636363636365, 0, 0.4, 0, 0.3333333333333333, 0.3333333333333333
86, 0.0016233766233766204, 0.26948051948051943, 0.22186147186147195, 9, 1, 0, 0, 1, 0, 0, 1, 0, 1, 0.2727272727272727, 0.2727272727272727, 0.25, 0.25, 0.2857142857142857, 0.1428571428571428
87, 0.004166666666666666, 0.3694444444444451, 0.19444444444444492, 9, 1, 0, 0, 1, 0, 1, 0, 1, 1, 0.4, 0, 0.375, 0.25, 0.3333333333333333, 0.3333333333333333
88, 0.005357142857142859, 0.4011904761904755, 0.10555555555555571, 9, 1, 0, 0, 1, 0, 1, 0, 2, 0, 0.4, 0, 0.42857142857142855, 0, 0.4, 0.20000000000000018, 0.375, 0.25
89, 0.004617604617604611, 0.43002044252044297, 0.08287037037037019, 9, 1, 0, 0, 1, 0, 1, 1, 1, 0, 0.42857142857142855, 0, 0.45454545454545453, 0, 0.4444444444444444, 0.11111111111111072, 0.4, 0.20000000000000018
90, 0.0025252525252525172, 0.46632996632996576, 0.03703703703703693, 9, 1, 0, 0, 1, 0, 1, 1, 1, 1, 0.45454545454545453, 0, 0.5, 0, 0.4444444444444444, 0.11111111111111072
91, 0.003968253968253982, 0.4576719576719583, 0.1322751322751321, 9, 1, 0, 1, 0, 0, 1, 1, 1, 1, 0.5, 0, 0.42857142857142855, 0.2857142857142856, 0.4444444444444444, 0.11111111111111072
92, 0.008531746031746015, 0.40980374061769415, 0.2681278454534269, 9, 1, 0, 1, 0, 0, 1, 1, 1, 0, 0.42857142857142855, 0.2857142857142856, 0.4, 0.4, 0.375, 0.375, 0.4, 0.20000000000000018, 0.4444444444444444, 0.11111111111111072
93, 0.0022727272727272874, 0.3795454545454537, 0.29204545454545394, 9, 1, 0, 1, 0, 0, 1, 0, 2, 0, 0.375, 0.375, 0.36363636363636365, 0.36363636363636365, 0.375, 0.25, 0.4, 0.20000000000000018
94, 0.0018939393939393853, 0.3573232323232333, 0.3156565656565665, 9, 1, 0, 1, 0, 0, 1, 0, 1, 1, 0.36363636363636365, 0.36363636363636365, 0.3333333333333333, 0.3333333333333333, 0.375, 0.25
95, 0.012445887445887455, 0.4550003136959655, 0.2769464834682223, 9, 1, 0, 1, 0, 1, 0, 1, 1, 1, 0.5, 0, 0.45454545454545453, 0.45454545454545453, 0.4166666666666667, 0.4166666666666667, 0.42857142857142855, 0.2857142857142856
96, 0.0011904761904761932, 0.41507936507936566, 0.3674603174603179, 9, 1, 0, 1, 0, 1, 0, 1, 1, 0, 0.4166666666666667, 0.4166666666666667, 0.4, 0.4, 0.42857142857142855, 0.2857142857142856
97, 0.02272727272727272, 0.5000000000000001, 0.2424242424242425, 9, 1, 0, 1, 0, 1, 0, 1, 2, 0, 0.5, 0, 0.5454545454545454, 0, 0.5, 0.5, 0.45454545454545453, 0.45454545454545453
98, 0.006493506493506496, 0.5389610389610376, 0.16666666666666666, 9, 1, 0, 1, 0, 1, 0, 1, 2, 1, 0.5454545454545454, 0, 0.5714285714285714, 0, 0.5, 0.5
99, 0.007142857142857145, 0.5571428571428585, 0.16666666666666666, 9, 1, 0, 1, 0, 1, 0, 2, 1, 1, 0.5714285714285714, 0, 0.6, 0, 0.5, 0.5
100, 0.007142857142857145, 0.5571428571428546, 0.2619047619047611, 9, 1, 0, 1, 0, 1, 1, 1, 1, 1, 0.6, 0, 0.5714285714285714, 0.2857142857142856, 0.5, 0.5
101, 0.007629870129870139, 0.6052569770654875, 0.10853596757852066, 9, 1, 0, 1, 0, 1, 1, 1, 2, 0, 0.6, 0, 0.6363636363636364, 0, 0.625, 0.125, 0.5714285714285714, 0.2857142857142856
102, 0.0018939393939393923, 0.6426767676767667, 0.041666666666666664, 9, 1, 0, 1, 0, 1, 1, 1, 2, 1, 0.6363636363636364, 0, 0.6666666666666666, 0, 0.625, 0.125
103, 0.020833333333333308, 0.6505555555555557, 0.19499999999999992, 9, 1, 0, 1, 1, 0, 1, 1, 2, 1, 0.6666666666666666, 0, 0.7, 0, 0.6666666666666666, 0.3333333333333335, 0.6, 0.39999999999999947, 0.625, 0.125
104, 0.008531746031746015, 0.5901962593823062, 0.3098591116032974, 9, 1, 0, 1, 1, 0, 1, 1, 2, 0, 0.6, 0.39999999999999947, 0.5555555555555556, 0.44444444444444464, 0.5714285714285714, 0.2857142857142856, 0.625, 0.125
105, 0.0023809523809523864, 0.6936507936507931, 0.11111111111111144, 9, 1, 0, 1, 1, 0, 1, 1, 3, 0, 0.7, 0, 0.7142857142857143, 0, 0.6666666666666666, 0.3333333333333335
106, 0.003968253968253982, 0.542328042328042, 0.4100529100529103, 9, 1, 0, 1, 1, 0, 1, 1, 1, 1, 0.5555555555555556, 0.44444444444444464, 0.5, 0.5, 0.5714285714285714, 0.2857142857142856
107, 0.004329004329004349, 0.7027417027417042, 0.13492063492063505, 9, 1, 0, 1, 1, 0, 1, 2, 2, 0, 0.7142857142857143, 0, 0.7272727272727273, 0, 0.7142857142857143, 0.14285714285714324, 0.6666666666666666, 0.3333333333333335
108, 0.001623376623376624, 0.7305194805194826, 0.04761904761904772, 9, 1, 0, 1, 1, 0, 1, 2, 2, 1, 0.7272727272727273, 0, 0.75, 0, 0.7142857142857143, 0.14285714285714324
109, 0.014285714285714263, 0.7464285714285716, 0.13511904761904742, 9, 1, 0, 1, 1, 1, 0, 2, 2, 1, 0.75, 0, 0.8, 0, 0.75, 0.25, 0.7, 0.29999999999999893, 0.7142857142857143, 0.14285714285714324
110, 0.0023809523809523447, 0.6936507936507935, 0.25873015873015837, 9, 1, 0, 1, 1, 1, 0, 2, 2, 0, 0.7, 0.29999999999999893, 0.6666666666666666, 0.3333333333333335, 0.7142857142857143, 0.14285714285714324
111, 0.002777777777777754, 0.7759259259259266, 0.15740740740740744, 9, 1, 0, 1, 1, 1, 1, 1, 2, 1, 0.8, 0, 0.7777777777777778, 0.22222222222222143, 0.75, 0.25
112, 0.004040404040404025, 0.7986531986531982, 0.10740740740740695, 9, 1, 0, 1, 1, 1, 1, 1, 3, 0, 0.8, 0, 0.8181818181818182, 0, 0.8, 0.1999999999999993, 0.7777777777777778, 0.22222222222222143
113, 0.006277056277056256, 0.8270239339204851, 0.08773946360153227, 9, 1, 0, 1, 1, 1, 1, 1, 3, 1, 0.8181818181818182, 0, 0.8571428571428571, 0, 0.8333333333333334, 0.16666666666666607, 0.8, 0.1999999999999993
114, 0.006349206349206327, 0.868121693121692, 0.07175925925925886, 9, 1, 0, 1, 1, 1, 1, 2, 2, 1, 0.8571428571428571, 0, 0.9, 0, 0.8888888888888888, 0.11111111111111072, 0.8333333333333334, 0.16666666666666607
115, 0.0010101010101010027, 0.8993265993266016, 0.0537037037037038, 9, 1, 0, 1, 1, 1, 1, 2, 3, 0, 0.9, 0, 0.9090909090909091, 0, 0.9, 0.09999999999999964, 0.8888888888888888, 0.11111111111111072
116, 0.004545454545454533, 0.9363636363636358, 0.033333333333333194, 9, 1, 0, 1, 1, 1, 1, 2, 3, 1, 0.9090909090909091, 0, 1, 0, 0.9, 0.09999999999999964
117, 0.005555555555555536, 0.9296296296296297, 0.1074074074074071, 9, 1, 1, 0, 1, 1, 1, 2, 3, 1, 1, 0, 0.8888888888888888, 0.22222222222222143, 0.9, 0.09999999999999964
118, 0.001388888888888884, 0.8879629629629613, 0.172222222222222, 9, 1, 1, 0, 1, 1, 1, 2, 3, 0, 0.8888888888888888, 0.22222222222222143, 0.875, 0.25, 0.8888888888888888, 0.11111111111111072, 0.9, 0.09999999999999964
119, 0.00972222222222225, 0.8466931216931225, 0.23783068783068778, 9, 1, 1, 0, 1, 1, 1, 2, 2, 1, 0.875, 0.25, 0.8, 0.40000000000000036, 0.8333333333333334, 0.16666666666666607, 0.8888888888888888, 0.11111111111111072
120, 0.005555555555555591, 0.8037037037037013, 0.292592592592592, 9, 1, 1, 0, 1, 1, 1, 1, 3, 1, 0.8, 0.40000000000000036, 0.7777777777777778, 0.44444444444444287, 0.8, 0.1999999999999993, 0.8333333333333334, 0.16666666666666607
121, 0.005555555555555536, 0.7759259259259277, 0.34444444444444317, 9, 1, 1, 0, 1, 1, 1, 1, 3, 0, 0.7777777777777778, 0.44444444444444287, 0.75, 0.5, 0.7777777777777778, 0.22222222222222143, 0.8, 0.1999999999999993
122, 0.013888888888888881, 0.7314814814814818, 0.43518518518518534, 9, 1, 1, 0, 1, 1, 1, 1, 2, 1, 0.75, 0.5, 0.6666666666666666, 0.6666666666666666, 0.75, 0.25, 0.7777777777777778, 0.22222222222222143
123, 0.008333333333333415, 0.7055555555555535, 0.40555555555555506, 9, 1, 1, 0, 1, 1, 0, 2, 2, 1, 0.6666666666666666, 0.6666666666666666, 0.7, 0.29999999999999893, 0.75, 0.25
124, 0.010606060606060605, 0.6676767676767678, 0.48672438672438606, 9, 1, 1, 0, 1, 1, 0, 2, 2, 0, 0.6666666666666666, 0.6666666666666666, 0.6363636363636364, 0.6363636363636364, 0.6666666666666666, 0.3333333333333335, 0.7, 0.29999999999999893
125, 0.0018939393939393923, 0.6426767676767692, 0.5315656565656572, 9, 1, 1, 0, 1, 1, 0, 2, 1, 1, 0.6363636363636364, 0.6363636363636364, 0.625, 0.625, 0.6666666666666666, 0.3333333333333335
126, 0.004166666666666666, 0.6305555555555565, 0.5194444444444447, 9, 1, 1, 0, 1, 1, 0, 1, 2, 1, 0.625, 0.625, 0.6, 0.6, 0.6666666666666666, 0.3333333333333335
127, 0.008333333333333345, 0.6166666666666661, 0.4611111111111109, 9, 1, 1, 0, 1, 0, 1, 1, 2, 1, 0.6, 0.6, 0.5833333333333334, 0.5833333333333334, 0.6, 0.39999999999999947, 0.6666666666666666, 0.3333333333333335
128, 0.005808080808080818, 0.5730420143463627, 0.49349290001463875, 9, 1, 1, 0, 1, 0, 1, 1, 2, 0, 0.5833333333333334, 0.5833333333333334, 0.5454545454545454, 0.5454545454545454, 0.5555555555555556, 0.44444444444444464, 0.6, 0.39999999999999947
129, 0.0025252525252525276, 0.5336700336700325, 0.4966329966329961, 9, 1, 1, 0, 1, 0, 1, 1, 1, 1, 0.5454545454545454, 0.5454545454545454, 0.5, 0.5, 0.5555555555555556, 0.44444444444444464
130, 0.006944444444444503, 0.921296296296297, 0.19907407407407393, 9, 1, 1, 1, 0, 1, 1, 2, 3, 1, 1, 0, 0.875, 0.375, 0.8888888888888888, 0.22222222222222143
131, 0.001984126984126991, 0.8736772486772449, 0.32109788359788344, 9, 1, 1, 1, 0, 1, 1, 2, 3, 0, 0.875, 0.375, 0.8571428571428571, 0.4285714285714288, 0.875, 0.25, 0.8888888888888888, 0.22222222222222143
132, 0.0160714285714285, 0.8162698412698419, 0.47063492063492085, 9, 1, 1, 1, 0, 1, 1, 2, 2, 1, 0.8571428571428571, 0.4285714285714288, 0.75, 0.75, 0.8, 0.40000000000000036, 0.875, 0.25
133, 0.002777777777777851, 0.775925925925926, 0.5314814814814821, 9, 1, 1, 1, 0, 1, 1, 1, 3, 1, 0.75, 0.75, 0.7777777777777778, 0.44444444444444287, 0.8, 0.40000000000000036
134, 0.006313131313131354, 0.7516835016834996, 0.6072390572390549, 9, 1, 1, 1, 0, 1, 1, 1, 3, 0, 0.75, 0.75, 0.7272727272727273, 0.7272727272727273, 0.75, 0.5, 0.7777777777777778, 0.44444444444444287
135, 0.007575757575757541, 0.7146464646464666, 0.631313131313133, 9, 1, 1, 1, 0, 1, 1, 1, 2, 1, 0.7272727272727273, 0.7272727272727273, 0.6666666666666666, 0.6666666666666666, 0.75, 0.5
136, 0.008928571428571397, 0.9107142857142891, 0.31547619047619035, 9, 1, 1, 1, 1, 0, 1, 2, 3, 1, 1, 0, 0.8571428571428571, 0.5714285714285712, 0.875, 0.375
137, 0.0029761904761904656, 0.8551587301587283, 0.5138888888888873, 9, 1, 1, 1, 1, 0, 1, 2, 3, 0, 0.8571428571428571, 0.5714285714285712, 0.8333333333333334, 0.6666666666666661, 0.8571428571428571, 0.4285714285714288, 0.875, 0.375
138, 0.013095238095238076, 0.8074314574314575, 0.6544733044733048, 9, 1, 1, 1, 1, 0, 1, 2, 2, 1, 0.8333333333333334, 0.6666666666666661, 0.8, 0.8, 0.75, 0.75, 0.8571428571428571, 0.4285714285714288
139, 0.011904761904761973, 0.8968253968253929, 0.4682539682539671, 9, 1, 1, 1, 1, 1, 0, 2, 3, 1, 1, 0, 0.8333333333333334, 0.8333333333333334, 0.8571428571428571, 0.5714285714285712
140, 0.0032467532467532756, 0.8362193362193354, 0.7224627224627221, 9, 1, 1, 1, 1, 1, 0, 2, 3, 0, 0.8333333333333334, 0.8333333333333334, 0.8181818181818182, 0.8181818181818182, 0.8333333333333334, 0.6666666666666661, 0.8571428571428571, 0.5714285714285712
141, 0.001515151515151525, 0.8171717171717194, 0.7616161616161607, 9, 1, 1, 1, 1, 1, 0, 2, 2, 1, 0.8181818181818182, 0.8181818181818182, 0.8, 0.8, 0.8333333333333334, 0.6666666666666661
142, 0.020833333333333315, 0.9027777777777776, 0.5694444444444443, 9, 1, 1, 1, 1, 1, 1, 1, 3, 1, 1, 0, 0.875, 0.875, 0.8333333333333334, 0.8333333333333334
143, 0.01704545454545453, 0.9280303030303038, 0.5946969696969694, 9, 1, 1, 1, 1, 1, 1, 2, 2, 1, 1, 0, 0.9090909090909091, 0.9090909090909091, 0.875, 0.875
144, 0.0037878787878787845, 0.9419191919191823, 0.6085858585858587, 9, 1, 1, 1, 1, 1, 1, 2, 3, 0, 1, 0, 0.9166666666666666, 0.9166666666666666, 0.9090909090909091, 0.9090909090909091
145, 0.041666666666666685, 0.9722222222222228, 0.638888888888889, 9, 1, 1, 1, 1, 1, 1, 2, 3, 1, 1, 0, 1, 1, 0.9166666666666666, 0.9166666666666666
