nr, area, centroidx, centroidy, numBars, pixPerBar0, ..., pixPerBarN, vertex1x, vertex1y, vertex2x, ...
0, 0.041666666666666664, 0.027777777777777776, 0.36111111111111105, 9, 0, 0, 0, 0, 0, 0, 0, 0, 0, 0, 0, 0.08333333333333333, 0.08333333333333333, 0, 1
1, 0.0037878787878787915, 0.05808080808080805, 0.3914141414141412, 9, 0, 0, 0, 0, 0, 0, 0, 0, 1, 0.08333333333333333, 0.08333333333333333, 0.09090909090909091, 0.09090909090909091, 0, 1
2, 0.010101010101010097, 0.06734006734006735, 0.4006734006734009, 9, 0, 0, 0, 0, 0, 0, 0, 1, 0, 0.09090909090909091, 0.09090909090909091, 0.1111111111111111, 0.1111111111111111, 0, 1
3, 0.0069444444444444475, 0.07870370370370368, 0.41203703703703703, 9, 0, 0, 0, 0, 0, 0, 1, 0, 0, 0.1111111111111111, 0.1111111111111111, 0.125, 0.125, 0, 1
4, 0.02083333333333333, 0.09722222222222224, 0.4305555555555557, 9, 0, 0, 0, 0, 0, 1, 0, 0, 0, 0.125, 0.125, 0.16666666666666666, 0.16666666666666666, 0, 1
5, 0.02083333333333333, 0.09722222222222224, 0.5972222222222222, 9, 0, 0, 0, 0, 1, 0, 0, 0, 0, 0.16666666666666666, 0.16666666666666666, 0.125, 0.625, 0, 1
6, 0.00622294372294372, 0.1547226927661711, 0.3772899805508505, 9, 0, 0, 0, 0, 1, 0, 0, 0, 1, 0.16666666666666666, 0.16666666666666666, 0.18181818181818182, 0.18181818181818182, 0.14285714285714285, 0.5714285714285714, 0.125, 0.625
7, 0.011832611832611827, 0.18392519855934492, 0.3446685202782762, 9, 0, 0, 0, 0, 1, 0, 0, 1, 0, 0.18181818181818182, 0.18181818181818182, 0.2222222222222222, 0.2222222222222222, 0.2, 0.3999999999999999, 0.14285714285714285, 0.5714285714285714
8, 0.0027777777777777783, 0.22407407407407398, 0.29074074074074063, 9, 0, 0, 0, 0, 1, 0, 1, 0, 0, 0.2222222222222222, 0.2222222222222222, 0.25, 0.25, 0.2, 0.3999999999999999
9, 0.008333333333333338, 0.2055555555555557, 0.4722222222222223, 9, 0, 0, 0, 1, 0, 0, 1, 0, 0, 0.25, 0.25, 0.2, 0.6000000000000001, 0.16666666666666666, 0.6666666666666667, 0.2, 0.3999999999999999
10, 0.007738095238095249, 0.16022588522588516, 0.5909035409035407, 9, 0, 0, 0, 1, 0, 0, 0, 1, 0, 0.16666666666666666, 0.6666666666666667, 0.125, 0.75, 0.14285714285714285, 0.5714285714285714, 0.2, 0.3999999999999999
11, 0.001984126984126991, 0.12632275132275114, 0.6789021164021154, 9, 0, 0, 0, 1, 0, 0, 0, 0, 1, 0.125, 0.75, 0.1111111111111111, 0.7777777777777777, 0.125, 0.625, 0.14285714285714285, 0.5714285714285714
12, 0.006944444444444434, 0.07870370370370372, 0.8009259259259264, 9, 0, 0, 0, 1, 0, 0, 0, 0, 0, 0.1111111111111111, 0.7777777777777777, 0, 1, 0.125, 0.625
13, 0.002777777777777775, 0.22407407407407387, 0.46851851851851917, 9, 0, 0, 0, 1, 0, 1, 0, 0, 0, 0.25, 0.25, 0.2222222222222222, 0.5555555555555554, 0.2, 0.6000000000000001
14, 0.006313131313131312, 0.24831649831649838, 0.3927609427609429, 9, 0, 0, 0, 1, 0, 1, 0, 0, 1, 0.25, 0.25, 0.2727272727272727, 0.2727272727272727, 0.25, 0.5, 0.2222222222222222, 0.5555555555555554
15, 0.007575757575757576, 0.28535353535353525, 0.3686868686868685, 9, 0, 0, 0, 1, 0, 1, 0, 1, 0, 0.2727272727272727, 0.2727272727272727, 0.3333333333333333, 0.3333333333333333, 0.25, 0.5
16, 0.013888888888888902, 0.26851851851851843, 0.5648148148148143, 9, 0, 0, 1, 0, 0, 1, 0, 1, 0, 0.3333333333333333, 0.3333333333333333, 0.25, 0.75, 0.2222222222222222, 0.7777777777777777, 0.25, 0.5
17, 0.00555555555555555, 0.22407407407407406, 0.655555555555556, 9, 0, 0, 1, 0, 0, 1, 0, 0, 1, 0.2222222222222222, 0.7777777777777777, 0.2, 0.7999999999999998, 0.2222222222222222, 0.5555555555555554, 0.25, 0.5
18, 0.005555555555555536, 0.19629629629629639, 0.707407407407408, 9, 0, 0, 1, 0, 0, 1, 0, 0, 0, 0.2, 0.7999999999999998, 0.16666666666666666, 0.8333333333333333, 0.2, 0.6000000000000001, 0.2222222222222222, 0.5555555555555554
19, 0.004761904761904759, 0.1698412698412699, 0.7357142857142853, 9, 0, 0, 1, 0, 0, 0, 1, 0, 0, 0.16666666666666666, 0.8333333333333333, 0.14285714285714285, 0.8571428571428572, 0.16666666666666666, 0.6666666666666667, 0.2, 0.6000000000000001
20, 0.00496031746031745, 0.1374338624338626, 0.7875661375661385, 9, 0, 0, 1, 0, 0, 0, 0, 1, 0, 0.14285714285714285, 0.8571428571428572, 0.1111111111111111, 0.8888888888888888, 0.125, 0.75, 0.16666666666666666, 0.6666666666666667
21, 0.001388888888888891, 0.11203703703703706, 0.8277777777777772, 9, 0, 0, 1, 0, 0, 0, 0, 0, 1, 0.1111111111111111, 0.8888888888888888, 0.1, 0.8999999999999999, 0.1111111111111111, 0.7777777777777777, 0.125, 0.75
22, 0.00555555555555555, 0.07037037037037036, 0.8925925925925926, 9, 0, 0, 1, 0, 0, 0, 0, 0, 0, 0.1, 0.8999999999999999, 0, 1, 0.1111111111111111, 0.7777777777777777
23, 0.005952380952380945, 0.2896825396825402, 0.5992063492063497, 9, 0, 0, 1, 0, 1, 0, 0, 1, 0, 0.3333333333333333, 0.3333333333333333, 0.2857142857142857, 0.7142857142857144, 0.25, 0.75
24, 0.0023809523809523864, 0.306349206349206, 0.5825396825396826, 9, 0, 0, 1, 0, 1, 0, 1, 0, 0, 0.3333333333333333, 0.3333333333333333, 0.3, 0.6999999999999997, 0.2857142857142857, 0.7142857142857144
25, 0.010606060606060591, 0.33232323232323246, 0.5132756132756138, 9, 0, 0, 1, 0, 1, 0, 1, 0, 1, 0.3333333333333333, 0.3333333333333333, 0.36363636363636365, 0.36363636363636365, 0.3333333333333333, 0.6666666666666665, 0.3, 0.6999999999999997
26, 0.0018939393939393923, 0.3573232323232308, 0.4684343434343427, 9, 0, 0, 1, 0, 1, 0, 1, 1, 0, 0.36363636363636365, 0.36363636363636365, 0.375, 0.375, 0.3333333333333333, 0.6666666666666665
27, 0.012499999999999983, 0.3787037037037038, 0.5194444444444442, 9, 0, 0, 1, 0, 1, 1, 0, 1, 0, 0.375, 0.375, 0.4166666666666667, 0.4166666666666667, 0.4, 0.5999999999999996, 0.3333333333333333, 0.6666666666666665
28, 0.0043650793650793634, 0.4218133718133719, 0.5057960557960555, 9, 0, 0, 1, 0, 1, 1, 0, 1, 1, 0.4166666666666667, 0.4166666666666667, 0.4444444444444444, 0.4444444444444444, 0.42857142857142855, 0.5714285714285716, 0.4, 0.5999999999999996
29, 0.0014430014430014543, 0.4425204425204414, 0.508658008658008, 9, 0, 0, 1, 0, 1, 1, 1, 0, 1, 0.4444444444444444, 0.4444444444444444, 0.45454545454545453, 0.45454545454545453, 0.4444444444444444, 0.5555555555555554, 0.42857142857142855, 0.5714285714285716
30, 0.0025252525252525138, 0.4663299663299664, 0.5033670033670039, 9, 0, 0, 1, 0, 1, 1, 1, 1, 0, 0.45454545454545453, 0.45454545454545453, 0.5, 0.5, 0.4444444444444444, 0.5555555555555554
31, 0.003968253968253982, 0.4576719576719574, 0.5899470899470897, 9, 0, 1, 0, 0, 1, 1, 1, 1, 0, 0.5, 0.5, 0.42857142857142855, 0.7142857142857144, 0.4444444444444444, 0.5555555555555554
32, 0.0031746031746031633, 0.42433862433862485, 0.6661375661375678, 9, 0, 1, 0, 0, 1, 1, 1, 0, 1, 0.42857142857142855, 0.7142857142857144, 0.4, 0.7999999999999998, 0.42857142857142855, 0.5714285714285716, 0.4444444444444444, 0.5555555555555554
33, 0.005357142857142866, 0.40119047619047626, 0.7043650793650786, 9, 0, 1, 0, 0, 1, 1, 0, 1, 1, 0.4, 0.7999999999999998, 0.375, 0.875, 0.4, 0.5999999999999996, 0.42857142857142855, 0.5714285714285716
34, 0.020833333333333384, 0.34944444444444417, 0.8049999999999994, 9, 0, 1, 0, 0, 1, 1, 0, 1, 0, 0.375, 0.875, 0.3333333333333333, 1, 0.3, 1, 0.3333333333333333, 0.6666666666666665, 0.4, 0.5999999999999996
35, 0.0023809523809523725, 0.3063492063492068, 0.8888888888888888, 9, 0, 1, 0, 0, 1, 1, 0, 0, 1, 0.3, 1, 0.2857142857142857, 1, 0.3333333333333333, 0.6666666666666665
36, 0.006709956709956735, 0.3004841037099098, 0.8211469534050171, 9, 0, 1, 0, 0, 1, 0, 1, 0, 1, 0.2857142857142857, 1, 0.2727272727272727, 1, 0.3, 0.6999999999999997, 0.3333333333333333, 0.6666666666666665
37, 0.005194805194805169, 0.2757305194805201, 0.8672619047619069, 9, 0, 1, 0, 0, 1, 0, 1, 0, 0, 0.2727272727272727, 1, 0.25, 1, 0.2857142857142857, 0.7142857142857144, 0.3, 0.6999999999999997
38, 0.010714285714285718, 0.24523809523809517, 0.8769841269841269, 9, 0, 1, 0, 0, 1, 0, 0, 1, 0, 0.25, 1, 0.2, 1, 0.25, 0.75, 0.2857142857142857, 0.7142857142857144
39, 0.002777777777777782, 0.22407407407407412, 0.8425925925925924, 9, 0, 1, 0, 0, 0, 1, 0, 1, 0, 0.2, 1, 0.2222222222222222, 0.7777777777777777, 0.25, 0.75
40, 0.004040404040404039, 0.20134680134680144, 0.8925925925925926, 9, 0, 1, 0, 0, 0, 1, 0, 0, 1, 0.2, 1, 0.18181818181818182, 1, 0.2, 0.7999999999999998, 0.2222222222222222, 0.7777777777777777
41, 0.006277056277056291, 0.1729760660795142, 0.9122605363984672, 9, 0, 1, 0, 0, 0, 1, 0, 0, 0, 0.18181818181818182, 1, 0.14285714285714285, 1, 0.16666666666666666, 0.8333333333333333, 0.2, 0.7999999999999998
42, 0.0029761904761904795, 0.14484126984126977, 0.9206349206349201, 9, 0, 1, 0, 0, 0, 0, 1, 0, 0, 0.14285714285714285, 1, 0.125, 1, 0.14285714285714285, 0.8571428571428572, 0.16666666666666666, 0.8333333333333333
43, 0.003373015873015875, 0.12044039838157479, 0.9349517584811703, 9, 0, 1, 0, 0, 0, 0, 0, 1, 0, 0.125, 1, 0.1, 1, 0.1111111111111111, 0.8888888888888888, 0.14285714285714285, 0.8571428571428572
44, 0.0010101010101010166, 0.10067340067340046, 0.9462962962962946, 9, 0, 1, 0, 0, 0, 0, 0, 0, 1, 0.1, 1, 0.09090909090909091, 1, 0.1, 0.8999999999999999, 0.1111111111111111, 0.8888888888888888
45, 0.004545454545454547, 0.0636363636363636, 0.9666666666666667, 9, 0, 1, 0, 0, 0, 0, 0, 0, 0, 0.09090909090909091, 1, 0, 1, 0.1, 0.8999999999999999
46, 0.007142857142857131, 0.44285714285714434, 0.7380952380952378, 9, 0, 1, 0, 1, 0, 1, 1, 1, 0, 0.5, 0.5, 0.4, 1, 0.42857142857142855, 0.7142857142857144
47, 0.005357142857142866, 0.4011904761904758, 0.8825396825396822, 9, 0, 1, 0, 1, 0, 1, 1, 0, 1, 0.4, 1, 0.375, 1, 0.4, 0.7999999999999998, 0.42857142857142855, 0.7142857142857144
48, 0.0022727272727272596, 0.37954545454545524, 0.9125000000000018, 9, 0, 1, 0, 1, 0, 1, 0, 1, 1, 0.375, 1, 0.36363636363636365, 1, 0.375, 0.875, 0.4, 0.7999999999999998
49, 0.0018939393939393923, 0.35732323232323265, 0.9583333333333346, 9, 0, 1, 0, 1, 0, 1, 0, 1, 0, 0.36363636363636365, 1, 0.3333333333333333, 1, 0.375, 0.875
50, 0.0071428571428571175, 0.4428571428571433, 0.8333333333333346, 9, 0, 1, 0, 1, 1, 0, 1, 1, 0, 0.5, 0.5, 0.42857142857142855, 1, 0.4, 1
51, 0.006493506493506496, 0.46103896103895947, 0.8333333333333334, 9, 0, 1, 0, 1, 1, 1, 0, 1, 0, 0.5, 0.5, 0.45454545454545453, 1, 0.42857142857142855, 1
52, 0.022727272727272735, 0.5000000000000002, 0.757575757575758, 9, 0, 1, 0, 1, 1, 1, 0, 1, 1, 0.5, 0.5, 0.5454545454545454, 0.5454545454545454, 0.5, 1, 0.45454545454545453, 1
53, 0.0025252525252525415, 0.5336700336700323, 0.7003367003366989, 9, 0, 1, 0, 1, 1, 1, 0, 2, 0, 0.5454545454545454, 0.5454545454545454, 0.5555555555555556, 0.5555555555555556, 0.5, 1
54, 0.013888888888888867, 0.5462962962962963, 0.7685185185185185, 9, 0, 1, 0, 1, 1, 1, 1, 1, 0, 0.5555555555555556, 0.5555555555555556, 0.5833333333333334, 0.5833333333333334, 0.5555555555555556, 0.8888888888888884, 0.5, 1
55, 0.009722222222222215, 0.5895502645502656, 0.7197089947089949, 9, 0, 1, 0, 1, 1, 1, 1, 1, 1, 0.5833333333333334, 0.5833333333333334, 0.625, 0.625, 0.6, 0.8000000000000007, 0.5555555555555556, 0.8888888888888884
56, 0.002272727272727315, 0.6204545454545387, 0.707954545454541, 9, 0, 1, 0, 1, 1, 2, 0, 1, 1, 0.625, 0.625, 0.6363636363636364, 0.6363636363636364, 0.625, 0.75, 0.6, 0.8000000000000007
57, 0.0018939393939393923, 0.642676767676768, 0.6843434343434346, 9, 0, 1, 0, 1, 1, 2, 0, 2, 0, 0.6363636363636364, 0.6363636363636364, 0.6666666666666666, 0.6666666666666666, 0.625, 0.75
58, 0.004166666666666624, 0.6305555555555562, 0.8055555555555581, 9, 0, 1, 1, 0, 1, 2, 0, 2, 0, 0.6666666666666666, 0.6666666666666666, 0.6, 1, 0.625, 0.75
59, 0.005357142857142838, 0.5988095238095247, 0.8944444444444458, 9, 0, 1, 1, 0, 1, 2, 0, 1, 1, 0.6, 1, 0.5714285714285714, 1, 0.6, 0.8000000000000007, 0.625, 0.75
60, 0.0046176046176046315, 0.569979557479557, 0.9171296296296275, 9, 0, 1, 1, 0, 1, 1, 1, 1, 1, 0.5714285714285714, 1, 0.5454545454545454, 1, 0.5555555555555556, 0.8888888888888884, 0.6, 0.8000000000000007
61, 0.0025252525252525415, 0.5336700336700332, 0.9629629629629616, 9, 0, 1, 1, 0, 1, 1, 1, 1, 0, 0.5454545454545454, 1, 0.5, 1, 0.5555555555555556, 0.8888888888888884
62, 0.00416666666666668, 0.6305555555555544, 0.8888888888888874, 9, 0, 1, 1, 0, 2, 1, 0, 2, 0, 0.6666666666666666, 0.6666666666666666, 0.625, 1, 0.6, 1
63, 0.0018939393939393923, 0.6426767676767692, 0.8888888888888905, 9, 0, 1, 1, 0, 2, 1, 1, 1, 0, 0.6666666666666666, 0.6666666666666666, 0.6363636363636364, 1, 0.625, 1
64, 0.017316017316017285, 0.6800144300144304, 0.8324314574314576, 9, 0, 1, 1, 0, 2, 1, 1, 1, 1, 0.6666666666666666, 0.6666666666666666, 0.7272727272727273, 0.7272727272727273, 0.7142857142857143, 0.8571428571428568, 0.6666666666666666, 1, 0.6363636363636364, 1
65, 0.0016233766233766378, 0.7305194805194792, 0.7781385281385272, 9, 0, 1, 1, 0, 2, 1, 1, 2, 0, 0.7272727272727273, 0.7272727272727273, 0.75, 0.75, 0.7142857142857143, 0.8571428571428568
66, 0.0035714285714285587, 0.7214285714285735, 0.8928571428571425, 9, 0, 1, 1, 1, 1, 1, 1, 2, 0, 0.75, 0.75, 0.7142857142857143, 1, 0.7, 1, 0.7142857142857143, 0.8571428571428568
67, 0.002380952380952428, 0.6936507936507906, 0.9523809523809462, 9, 0, 1, 1, 1, 1, 1, 1, 1, 1, 0.7, 1, 0.6666666666666666, 1, 0.7142857142857143, 0.8571428571428568
68, 0.0016233766233766378, 0.7305194805194792, 0.9166666666666666, 9, 0, 1, 1, 1, 1, 2, 0, 2, 0, 0.75, 0.75, 0.7272727272727273, 1, 0.7142857142857143, 1
69, 0.0063131313131312705, 0.7516835016835022, 0.8759259259259269, 9, 0, 1, 1, 1, 1, 2, 0, 2, 1, 0.75, 0.75, 0.7777777777777778, 0.7777777777777778, 0.75, 1, 0.7272727272727273, 1
70, 0.009595959595959602, 0.7854953039163568, 0.9004075846181114, 9, 0, 1, 1, 1, 1, 2, 1, 1, 1, 0.7777777777777778, 0.7777777777777778, 0.8181818181818182, 0.8181818181818182, 0.8, 1, 0.75, 1
71, 0.001515151515151525, 0.8171717171717133, 0.8838383838383861, 9, 0, 1, 1, 1, 1, 2, 1, 2, 0, 0.8181818181818182, 0.8181818181818182, 0.8333333333333334, 0.8333333333333334, 0.8, 1
72, 0.001515151515151525, 0.8171717171717194, 0.9444444444444383, 9, 0, 1, 1, 1, 2, 1, 1, 2, 0, 0.8333333333333334, 0.8333333333333334, 0.8181818181818182, 1, 0.8, 1
73, 0.006222943722943686, 0.8452773072338308, 0.9245169082125618, 9, 0, 1, 1, 1, 2, 1, 1, 2, 1, 0.8333333333333334, 0.8333333333333334, 0.875, 0.875, 0.8571428571428571, 1, 0.8181818181818182, 1
74, 0.0019841269841270326, 0.8736772486772406, 0.942129629629623, 9, 0, 1, 1, 1, 2, 2, 0, 2, 1, 0.875, 0.875, 0.8888888888888888, 0.8888888888888888, 0.875, 1, 0.8571428571428571, 1
75, 0.0023989898989899006, 0.892747651958177, 0.9502037923090553, 9, 0, 1, 1, 1, 2, 2, 1, 1, 1, 0.8888888888888888, 0.8888888888888888, 0.9090909090909091, 0.9090909090909091, 0.9, 1, 0.875, 1
76, 0.0007575757575757347, 0.9085858585858655, 0.9570707070707152, 9, 0, 1, 1, 1, 2, 2, 1, 2, 0, 0.9090909090909091, 0.9090909090909091, 0.9166666666666666, 0.9166666666666666, 0.9090909090909091, 1, 0.9, 1
77, 0.0037878787878787845, 0.9419191919191933, 0.9722222222222227, 9, 0, 1, 1, 1, 2, 2, 1, 2, 1, 0.9166666666666666, 0.9166666666666666, 1, 1, 0.9090909090909091, 1
78, 0.003787878787878788, 0.05808080808080809, 0.027777777777777776, 9, 1, 0, 0, 0, 0, 0, 0, 0, 0, 0, 0, 0.09090909090909091, 0, 0.08333333333333333, 0.08333333333333333
79, 0.0007575757575757581, 0.0914141414141414, 0.04292929292929293, 9, 1, 0, 0, 0, 0, 0, 0, 0, 1, 0.09090909090909091, 0, 0.1, 0, 0.09090909090909091, 0.09090909090909091, 0.08333333333333333, 0.08333333333333333
80, 0.002398989898989898, 0.10725234804182172, 0.04979620769094454, 9, 1, 0, 0, 0, 0, 0, 0, 1, 0, 0.1, 0, 0.125, 0, 0.1111111111111111, 0.1111111111111111, 0.09090909090909091, 0.09090909090909091
81, 0.001984126984126984, 0.12632275132275128, 0.05787037037037037, 9, 1, 0, 0, 0, 0, 0, 1, 0, 0, 0.125, 0, 0.14285714285714285, 0, 0.125, 0.125, 0.1111111111111111, 0.1111111111111111
82, 0.006222943722943724, 0.15472269276617107, 0.07548309178743959, 9, 1, 0, 0, 0, 0, 1, 0, 0, 0, 0.14285714285714285, 0, 0.18181818181818182, 0, 0.16666666666666666, 0.16666666666666666, 0.125, 0.125
83, 0.0015151515151515145, 0.1828282828282828, 0.05555555555555555, 9, 1, 0, 0, 0, 0, 1, 0, 0, 1, 0.18181818181818182, 0, 0.2, 0, 0.16666666666666666, 0.16666666666666666
84, 0.001515151515151518, 0.18282828282828278, 0.11616161616161609, 9, 1, 0, 0, 0, 1, 0, 0, 0, 1, 0.2, 0, 0.18181818181818182, 0.18181818181818182, 0.16666666666666666, 0.16666666666666666
85, 0.009595959595959592, 0.21450469608364345, 0.09959241538188908, 9, 1, 0, 0, 0, 1, 0, 0, 1, 0, 0.2, 0, 0.25, 0, 0.2222222222222222, 0.2222222222222222, 0.18181818181818182, 0.18181818181818182
86, 0.006313131313131312, 0.24831649831649838, 0.12407407407407407, 9, 1, 0, 0, 0, 1, 0, 1, 0, 0, 0.25, 0, 0.2727272727272727, 0, 0.25, 0.25, 0.2222222222222222, 0.2222222222222222
87, 0.001623376623376624, 0.2694805194805188, 0.08333333333333333, 9, 1, 0, 0, 0, 1, 0, 1, 0, 1, 0.2727272727272727, 0, 0.2857142857142857, 0, 0.25, 0.25
88, 0.0035714285714285726, 0.27857142857142825, 0.10714285714285693, 9, 1, 0, 0, 0, 1, 1, 0, 0, 1, 0.2857142857142857, 0, 0.3, 0, 0.2857142857142857, 0.1428571428571428, 0.25, 0.25
89, 0.0023809523809523794, 0.30634920634920665, 0.047619047619047596, 9, 1, 0, 0, 0, 1, 1, 0, 1, 0, 0.3, 0, 0.3333333333333333, 0, 0.2857142857142857, 0.1428571428571428
90, 0.017316017316017323, 0.3199855699855701, 0.16756854256854256, 9, 1, 0, 0, 1, 0, 1, 0, 1, 0, 0.3333333333333333, 0, 0.36363636363636365, 0, 0.3333333333333333, 0.3333333333333333, 0.2727272727272727, 0.2727272727272727, 0.2857142857142857, 0.1428571428571428
91, 0.0018939393939393923, 0.3573232323232308, 0.11111111111111131, 9, 1, 0, 0, 1, 0, 1, 0, 1, 1, 0.36363636363636365, 0, 0.375, 0, 0.3333333333333333, 0.3333333333333333
92, 0.0016233766233766204, 0.26948051948051943, 0.22186147186147195, 9, 1, 0, 0, 1, 0, 1, 0, 0, 1, 0.2727272727272727, 0.2727272727272727, 0.25, 0.25, 0.2857142857142857, 0.1428571428571428
93, 0.004166666666666666, 0.3694444444444451, 0.11111111111111102, 9, 1, 0, 0, 1, 0, 1, 1, 0, 1, 0.375, 0, 0.4, 0, 0.3333333333333333, 0.3333333333333333
94, 0.004166666666666666, 0.3694444444444451, 0.19444444444444492, 9, 1, 0, 0, 1, 1, 0, 1, 0, 1, 0.4, 0, 0.375, 0.25, 0.3333333333333333, 0.3333333333333333
95, 0.005357142857142859, 0.4011904761904755, 0.10555555555555571, 9, 1, 0, 0, 1, 1, 0, 1, 1, 0, 0.4, 0, 0.42857142857142855, 0, 0.4, 0.20000000000000018, 0.375, 0.25
96, 0.004617604617604611, 0.43002044252044297, 0.08287037037037019, 9, 1, 0, 0, 1, 1, 1, 0, 1, 0, 0.42857142857142855, 0, 0.45454545454545453, 0, 0.4444444444444444, 0.11111111111111072, 0.4, 0.20000000000000018
97, 0.0025252525252525172, 0.46632996632996576, 0.03703703703703693, 9, 1, 0, 0, 1, 1, 1, 0, 1, 1, 0.45454545454545453, 0, 0.5, 0, 0.4444444444444444, 0.11111111111111072
98, 0.013888888888888909, 0.45370370370370366, 0.23148148148148118, 9, 1, 0, 1, 0, 1, 1, 0, 1, 1, 0.5, 0, 0.4444444444444444, 0.4444444444444444, 0.4166666666666667, 0.4166666666666667, 0.4444444444444444, 0.11111111111111072
99, 0.009722222222222202, 0.41044973544973573, 0.28029100529100565, 9, 1, 0, 1, 0, 1, 1, 0, 1, 0, 0.4166666666666667, 0.4166666666666667, 0.375, 0.375, 0.4, 0.20000000000000018, 0.4444444444444444, 0.11111111111111072
100, 0.0025252525252525276, 0.4663299663299666, 0.299663299663299, 9, 1, 0, 1, 0, 1, 1, 1, 0, 1, 0.5, 0, 0.45454545454545453, 0.45454545454545453, 0.4444444444444444, 0.4444444444444444
101, 0.02272727272727272, 0.5000000000000001, 0.2424242424242425, 9, 1, 0, 1, 0, 1, 1, 1, 1, 0, 0.5, 0, 0.5454545454545454, 0, 0.5, 0.5, 0.45454545454545453, 0.45454545454545453
102, 0.006493506493506496, 0.5389610389610376, 0.16666666666666666, 9, 1, 0, 1, 0, 1, 1, 1, 1, 1, 0.5454545454545454, 0, 0.5714285714285714, 0, 0.5, 0.5
103, 0.007142857142857145, 0.5571428571428585, 0.16666666666666666, 9, 1, 0, 1, 0, 1, 2, 0, 1, 1, 0.5714285714285714, 0, 0.6, 0, 0.5, 0.5
104, 0.0022727272727272874, 0.3795454545454537, 0.29204545454545394, 9, 1, 0, 1, 0, 1, 0, 1, 1, 0, 0.375, 0.375, 0.36363636363636365, 0.36363636363636365, 0.375, 0.25, 0.4, 0.20000000000000018
105, 0.0018939393939393853, 0.3573232323232333, 0.3156565656565665, 9, 1, 0, 1, 0, 1, 0, 1, 0, 1, 0.36363636363636365, 0.36363636363636365, 0.3333333333333333, 0.3333333333333333, 0.375, 0.25
106, 0.007142857142857145, 0.5571428571428546, 0.2619047619047611, 9, 1, 0, 1, 0, 2, 1, 0, 1, 1, 0.6, 0, 0.5714285714285714, 0.2857142857142856, 0.5, 0.5
107, 0.005357142857142838, 0.5988095238095238, 0.11746031746031713, 9, 1, 0, 1, 0, 2, 1, 0, 2, 0, 0.6, 0, 0.625, 0, 0.6, 0.1999999999999993, 0.5714285714285714, 0.2857142857142856
108, 0.0022727272727272735, 0.620454545454546, 0.08749999999999977, 9, 1, 0, 1, 0, 2, 1, 1, 1, 0, 0.625, 0, 0.6363636363636364, 0, 0.625, 0.125, 0.6, 0.1999999999999993
109, 0.0018939393939393923, 0.6426767676767667, 0.041666666666666664, 9, 1, 0, 1, 0, 2, 1, 1, 1, 1, 0.6363636363636364, 0, 0.6666666666666666, 0, 0.625, 0.125
110, 0.020833333333333308, 0.6505555555555552, 0.1949999999999997, 9, 1, 0, 1, 1, 1, 1, 1, 1, 1, 0.6666666666666666, 0, 0.7, 0, 0.6666666666666666, 0.33333333333333304, 0.6, 0.39999999999999947, 0.625, 0.125
111, 0.005357142857142866, 0.5988095238095233, 0.29563492063492003, 9, 1, 0, 1, 1, 1, 1, 1, 1, 0, 0.6, 0.39999999999999947, 0.5714285714285714, 0.4285714285714288, 0.6, 0.1999999999999993, 0.625, 0.125
112, 0.0023809523809523864, 0.6936507936507931, 0.11111111111111047, 9, 1, 0, 1, 1, 1, 1, 1, 2, 0, 0.7, 0, 0.7142857142857143, 0, 0.6666666666666666, 0.33333333333333304
113, 0.003174603174603177, 0.5756613756613752, 0.3338624338624337, 9, 1, 0, 1, 1, 1, 1, 0, 2, 0, 0.5714285714285714, 0.4285714285714288, 0.5555555555555556, 0.44444444444444464, 0.5714285714285714, 0.2857142857142856, 0.6, 0.1999999999999993
114, 0.003968253968253982, 0.542328042328042, 0.4100529100529103, 9, 1, 0, 1, 1, 1, 1, 0, 1, 1, 0.5555555555555556, 0.44444444444444464, 0.5, 0.5, 0.5714285714285714, 0.2857142857142856
115, 0.00670995670995668, 0.6995158962900895, 0.17885304659498166, 9, 1, 0, 1, 1, 1, 2, 0, 2, 0, 0.7142857142857143, 0, 0.7272727272727273, 0, 0.7, 0.29999999999999893, 0.6666666666666666, 0.33333333333333304
116, 0.005194805194805224, 0.7242694805194813, 0.1327380952380957, 9, 1, 0, 1, 1, 1, 2, 0, 2, 1, 0.7272727272727273, 0, 0.75, 0, 0.7142857142857143, 0.2857142857142865, 0.7, 0.29999999999999893
117, 0.010714285714285718, 0.7547619047619045, 0.12301587301587305, 9, 1, 0, 1, 1, 1, 2, 1, 1, 1, 0.75, 0, 0.8, 0, 0.75, 0.25, 0.7142857142857143, 0.2857142857142865
118, 0.002777777777777754, 0.7759259259259266, 0.15740740740740744, 9, 1, 0, 1, 1, 2, 1, 1, 1, 1, 0.8, 0, 0.7777777777777778, 0.22222222222222143, 0.75, 0.25
119, 0.004040404040404025, 0.7986531986531982, 0.10740740740740695, 9, 1, 0, 1, 1, 2, 1, 1, 2, 0, 0.8, 0, 0.8181818181818182, 0, 0.8, 0.1999999999999993, 0.7777777777777778, 0.22222222222222143
120, 0.006277056277056256, 0.8270239339204851, 0.08773946360153227, 9, 1, 0, 1, 1, 2, 1, 1, 2, 1, 0.8181818181818182, 0, 0.8571428571428571, 0, 0.8333333333333334, 0.16666666666666607, 0.8, 0.1999999999999993
121, 0.0029761904761904795, 0.8551587301587321, 0.0793650793650793, 9, 1, 0, 1, 1, 2, 2, 0, 2, 1, 0.8571428571428571, 0, 0.875, 0, 0.8571428571428571, 0.14285714285714324, 0.8333333333333334, 0.16666666666666607
122, 0.003373015873015861, 0.8795596016184245, 0.06504824151882958, 9, 1, 0, 1, 1, 2, 2, 1, 1, 1, 0.875, 0, 0.9, 0, 0.8888888888888888, 0.11111111111111072, 0.8571428571428571, 0.14285714285714324
123, 0.0010101010101010027, 0.8993265993266016, 0.0537037037037038, 9, 1, 0, 1, 1, 2, 2, 1, 2, 0, 0.9, 0, 0.9090909090909091, 0, 0.9, 0.09999999999999964, 0.8888888888888888, 0.11111111111111072
124, 0.004545454545454533, 0.9363636363636358, 0.033333333333333194, 9, 1, 0, 1, 1, 2, 2, 1, 2, 1, 0.9090909090909091, 0, 1, 0, 0.9, 0.09999999999999964
125, 0.005555555555555536, 0.9296296296296297, 0.1074074074074071, 9, 1, 1, 0, 1, 2, 2, 1, 2, 1, 1, 0, 0.8888888888888888, 0.22222222222222143, 0.9, 0.09999999999999964
126, 0.001388888888888884, 0.8879629629629613, 0.172222222222222, 9, 1, 1, 0, 1, 2, 2, 1, 2, 0, 0.8888888888888888, 0.22222222222222143, 0.875, 0.25, 0.8888888888888888, 0.11111111111111072, 0.9, 0.09999999999999964
127, 0.0049603174603174705, 0.8625661375661363, 0.21243386243386253, 9, 1, 1, 0, 1, 2, 2, 1, 1, 1, 0.875, 0.25, 0.8333333333333334, 0.3333333333333339, 0.8571428571428571, 0.14285714285714324, 0.8888888888888888, 0.11111111111111072
128, 0.004761904761904773, 0.8301587301587332, 0.2642857142857144, 9, 1, 1, 0, 1, 2, 2, 0, 2, 1, 0.8333333333333334, 0.3333333333333339, 0.8, 0.40000000000000036, 0.8333333333333334, 0.16666666666666607, 0.8571428571428571, 0.14285714285714324
129, 0.005555555555555591, 0.8037037037037013, 0.292592592592592, 9, 1, 1, 0, 1, 2, 1, 1, 2, 1, 0.8, 0.40000000000000036, 0.7777777777777778, 0.44444444444444287, 0.8, 0.1999999999999993, 0.8333333333333334, 0.16666666666666607
130, 0.005555555555555536, 0.7759259259259277, 0.34444444444444317, 9, 1, 1, 0, 1, 2, 1, 1, 2, 0, 0.7777777777777778, 0.44444444444444287, 0.75, 0.5, 0.7777777777777778, 0.22222222222222143, 0.8, 0.1999999999999993
131, 0.013888888888888881, 0.7314814814814818, 0.43518518518518534, 9, 1, 1, 0, 1, 2, 1, 1, 1, 1, 0.75, 0.5, 0.6666666666666666, 0.6666666666666666, 0.75, 0.25, 0.7777777777777778, 0.22222222222222143
132, 0.005952380952380931, 0.7103174603174599, 0.4007936507936528, 9, 1, 1, 0, 1, 1, 2, 1, 1, 1, 0.6666666666666666, 0.6666666666666666, 0.7142857142857143, 0.2857142857142865, 0.75, 0.25
133, 0.002380952380952428, 0.6936507936507926, 0.4174603174603159, 9, 1, 1, 0, 1, 1, 2, 0, 2, 1, 0.6666666666666666, 0.6666666666666666, 0.7, 0.29999999999999893, 0.7142857142857143, 0.2857142857142865
134, 0.010606060606060619, 0.6676767676767678, 0.48672438672438584, 9, 1, 1, 0, 1, 1, 2, 0, 2, 0, 0.6666666666666666, 0.6666666666666666, 0.6363636363636364, 0.6363636363636364, 0.6666666666666666, 0.33333333333333304, 0.7, 0.29999999999999893
135, 0.0018939393939393923, 0.6426767676767692, 0.5315656565656572, 9, 1, 1, 0, 1, 1, 2, 0, 1, 1, 0.6363636363636364, 0.6363636363636364, 0.625, 0.625, 0.6666666666666666, 0.33333333333333304
136, 0.012500000000000011, 0.6212962962962959, 0.4805555555555551, 9, 1, 1, 0, 1, 1, 1, 1, 1, 1, 0.625, 0.625, 0.5833333333333334, 0.5833333333333334, 0.6, 0.39999999999999947, 0.6666666666666666, 0.33333333333333304
137, 0.004365079365079391, 0.5781866281866276, 0.494203944203943, 9, 1, 1, 0, 1, 1, 1, 1, 1, 0, 0.5833333333333334, 0.5833333333333334, 0.5555555555555556, 0.5555555555555556, 0.5714285714285714, 0.4285714285714288, 0.6, 0.39999999999999947
138, 0.0014430014430014265, 0.5574795574795597, 0.4913419913419934, 9, 1, 1, 0, 1, 1, 1, 0, 2, 0, 0.5555555555555556, 0.5555555555555556, 0.5454545454545454, 0.5454545454545454, 0.5555555555555556, 0.44444444444444464, 0.5714285714285714, 0.4285714285714288
139, 0.0025252525252525276, 0.5336700336700325, 0.4966329966329961, 9, 1, 1, 0, 1, 1, 1, 0, 1, 1, 0.5454545454545454, 0.5454545454545454, 0.5, 0.5, 0.5555555555555556, 0.44444444444444464
140, 0.006944444444444503, 0.921296296296297, 0.19907407407407393, 9, 1, 1, 1, 0, 2, 2, 1, 2, 1, 1, 0, 0.875, 0.375, 0.8888888888888888, 0.22222222222222143
141, 0.001984126984126991, 0.8736772486772449, 0.32109788359788344, 9, 1, 1, 1, 0, 2, 2, 1, 2, 0, 0.875, 0.375, 0.8571428571428571, 0.4285714285714288, 0.875, 0.25, 0.8888888888888888, 0.22222222222222143
142, 0.007738095238095183, 0.839774114774116, 0.40909645909645964, 9, 1, 1, 1, 0, 2, 2, 1, 1, 1, 0.8571428571428571, 0.4285714285714288, 0.8, 0.5999999999999996, 0.8333333333333334, 0.3333333333333339, 0.875, 0.25
143, 0.008333333333333304, 0.7944444444444448, 0.5277777777777778, 9, 1, 1, 1, 0, 2, 2, 0, 2, 1, 0.8, 0.5999999999999996, 0.75, 0.75, 0.8, 0.40000000000000036, 0.8333333333333334, 0.3333333333333339
144, 0.002777777777777851, 0.775925925925926, 0.5314814814814821, 9, 1, 1, 1, 0, 2, 1, 1, 2, 1, 0.75, 0.75, 0.7777777777777778, 0.44444444444444287, 0.8, 0.40000000000000036
145, 0.006313131313131354, 0.7516835016834996, 0.6072390572390549, 9, 1, 1, 1, 0, 2, 1, 1, 2, 0, 0.75, 0.75, 0.7272727272727273, 0.7272727272727273, 0.75, 0.5, 0.7777777777777778, 0.44444444444444287
146, 0.007575757575757541, 0.7146464646464666, 0.631313131313133, 9, 1, 1, 1, 0, 2, 1, 1, 1, 1, 0.7272727272727273, 0.7272727272727273, 0.6666666666666666, 0.6666666666666666, 0.75, 0.5
147, 0.020833333333333315, 0.9027777777777785, 0.402777777777778, 9, 1, 1, 1, 1, 1, 2, 1, 2, 1, 1, 0, 0.8333333333333334, 0.8333333333333334, 0.875, 0.375
148, 0.006222943722943741, 0.8452773072338277, 0.6227100194491488, 9, 1, 1, 1, 1, 1, 2, 1, 2, 0, 0.8333333333333334, 0.8333333333333334, 0.8181818181818182, 0.8181818181818182, 0.8571428571428571, 0.4285714285714288, 0.875, 0.375
149, 0.011832611832611889, 0.8160748014406539, 0.655331479721723, 9, 1, 1, 1, 1, 1, 2, 1, 1, 1, 0.8181818181818182, 0.8181818181818182, 0.7777777777777778, 0.7777777777777778, 0.8, 0.5999999999999996, 0.8571428571428571, 0.4285714285714288
150, 0.00277777777777774, 0.7759259259259305, 0.7092592592592625, 9, 1, 1, 1, 1, 1, 2, 0, 2, 1, 0.7777777777777778, 0.7777777777777778, 0.75, 0.75, 0.8, 0.5999999999999996
151, 0.020833333333333315, 0.9027777777777776, 0.5694444444444443, 9, 1, 1, 1, 1, 2, 1, 1, 2, 1, 1, 0, 0.875, 0.875, 0.8333333333333334, 0.8333333333333334
152, 0.00694444444444442, 0.9212962962962973, 0.587962962962964, 9, 1, 1, 1, 1, 2, 2, 0, 2, 1, 1, 0, 0.8888888888888888, 0.8888888888888888, 0.875, 0.875
153, 0.01010101010101011, 0.9326599326599332, 0.599326599326598, 9, 1, 1, 1, 1, 2, 2, 1, 1, 1, 1, 0, 0.9090909090909091, 0.9090909090909091, 0.8888888888888888, 0.8888888888888888
154, 0.0037878787878787845, 0.9419191919191823, 0.6085858585858587, 9, 1, 1, 1, 1, 2, 2, 1, 2, 0, 1, 0, 0.9166666666666666, 0.9166666666666666, 0.9090909090909091, 0.9090909090909091
155, 0.041666666666666685, 0.9722222222222228, 0.638888888888889, 9, 1, 1, 1, 1, 2, 2, 1, 2, 1, 1, 0, 1, 1, 0.9166666666666666, 0.9166666666666666
