nr, area, centroidx, centroidy, numBars, pixPerBar0, ..., pixPerBarN, vertex1x, vertex1y, vertex2x, ...
0, 0.041666666666666664, 0.027777777777777776, 0.36111111111111105, 9, 0, 0, 0, 0, 0, 0, 0, 0, 0, 0, 0, 0.08333333333333333, 0.08333333333333333, 0, 1
1, 0.0037878787878787915, 0.05808080808080805, 0.3914141414141412, 9, 0, 0, 0, 0, 0, 0, 0, 0, 1, 0.08333333333333333, 0.08333333333333333, 0.09090909090909091, 0.09090909090909091, 0, 1
2, 0.004545454545454547, 0.06363636363636367, 0.39696969696969775, 9, 0, 0, 0, 0, 0, 0, 0, 1, 0, 0.09090909090909091, 0.09090909090909091, 0.1, 0.1, 0, 1
3, 0.033333333333333326, 0.08888888888888889, 0.4222222222222223, 9, 0, 0, 0, 0, 0, 0, 1, 0, 0, 0.1, 0.1, 0.16666666666666666, 0.16666666666666666, 0, 1
4, 0.011904761904761904, 0.10317460317460322, 0.5317460317460317, 9, 0, 0, 0, 0, 0, 1, 0, 0, 0, 0.16666666666666666, 0.16666666666666666, 0.14285714285714285, 0.4285714285714286, 0, 1
5, 0.003246753246753248, 0.1637806637806638, 0.2775372775372775, 9, 0, 0, 0, 0, 0, 1, 0, 0, 1, 0.16666666666666666, 0.16666666666666666, 0.18181818181818182, 0.18181818181818182, 0.16666666666666666, 0.33333333333333326, 0.14285714285714285, 0.4285714285714286
6, 0.0015151515151515145, 0.1828282828282828, 0.23838383838383817, 9, 0, 0, 0, 0, 0, 1, 0, 1, 0, 0.18181818181818182, 0.18181818181818182, 0.2, 0.2, 0.16666666666666666, 0.33333333333333326
7, 0.004761904761904769, 0.1698412698412699, 0.39603174603174585, 9, 0, 0, 0, 0, 1, 0, 0, 1, 0, 0.2, 0.2, 0.16666666666666666, 0.5, 0.14285714285714285, 0.5714285714285714, 0.16666666666666666, 0.33333333333333326
8, 0.0029761904761904795, 0.14484126984126977, 0.48611111111111077, 9, 0, 0, 0, 0, 1, 0, 0, 0, 1, 0.14285714285714285, 0.5714285714285714, 0.125, 0.625, 0.14285714285714285, 0.4285714285714286, 0.16666666666666666, 0.33333333333333326
9, 0.008928571428571425, 0.08928571428571426, 0.6845238095238095, 9, 0, 0, 0, 0, 1, 0, 0, 0, 0, 0.125, 0.625, 0, 1, 0.14285714285714285, 0.4285714285714286
10, 0.008333333333333331, 0.20555555555555546, 0.31666666666666654, 9, 0, 0, 0, 0, 1, 0, 1, 0, 0, 0.2, 0.2, 0.25, 0.25, 0.16666666666666666, 0.5
11, 0.01587301587301585, 0.19808201058201072, 0.49966931216931226, 9, 0, 0, 0, 1, 0, 0, 1, 0, 0, 0.25, 0.25, 0.2222222222222222, 0.5555555555555554, 0.14285714285714285, 0.7142857142857142, 0.16666666666666666, 0.5
12, 0.006313131313131312, 0.24831649831649838, 0.3927609427609429, 9, 0, 0, 0, 1, 0, 0, 1, 0, 1, 0.25, 0.25, 0.2727272727272727, 0.2727272727272727, 0.25, 0.5, 0.2222222222222222, 0.5555555555555554
13, 0.00519480519480519, 0.2757305194805194, 0.3754329004329003, 9, 0, 0, 0, 1, 0, 0, 1, 1, 0, 0.2727272727272727, 0.2727272727272727, 0.3, 0.3, 0.2857142857142857, 0.4285714285714284, 0.25, 0.5
14, 0.0023809523809523794, 0.30634920634920665, 0.35396825396825354, 9, 0, 0, 0, 1, 0, 0, 2, 0, 0, 0.3, 0.3, 0.3333333333333333, 0.3333333333333333, 0.2857142857142857, 0.4285714285714284
15, 0.0029761904761904726, 0.1448412698412699, 0.6309523809523808, 9, 0, 0, 0, 1, 0, 0, 0, 1, 0, 0.14285714285714285, 0.7142857142857142, 0.125, 0.75, 0.14285714285714285, 0.5714285714285714, 0.16666666666666666, 0.5
16, 0.001984126984126991, 0.12632275132275114, 0.6789021164021154, 9, 0, 0, 0, 1, 0, 0, 0, 0, 1, 0.125, 0.75, 0.1111111111111111, 0.7777777777777777, 0.125, 0.625, 0.14285714285714285, 0.5714285714285714
17, 0.006944444444444434, 0.07870370370370372, 0.8009259259259264, 9, 0, 0, 0, 1, 0, 0, 0, 0, 0, 0.1111111111111111, 0.7777777777777777, 0, 1, 0.125, 0.625
18, 0.005952380952380973, 0.28968253968253926, 0.5039682539682533, 9, 0, 0, 1, 0, 0, 0, 2, 0, 0, 0.3333333333333333, 0.3333333333333333, 0.25, 0.75, 0.2857142857142857, 0.4285714285714284
19, 0.007936507936507936, 0.25264550264550273, 0.6104497354497349, 9, 0, 0, 1, 0, 0, 0, 1, 1, 0, 0.25, 0.75, 0.2222222222222222, 0.7777777777777777, 0.25, 0.5, 0.2857142857142857, 0.4285714285714284
20, 0.00555555555555555, 0.22407407407407406, 0.655555555555556, 9, 0, 0, 1, 0, 0, 0, 1, 0, 1, 0.2222222222222222, 0.7777777777777777, 0.2, 0.7999999999999998, 0.2222222222222222, 0.5555555555555554, 0.25, 0.5
21, 0.013293650793650802, 0.17530008686725104, 0.7328575377082837, 9, 0, 0, 1, 0, 0, 0, 1, 0, 0, 0.2, 0.7999999999999998, 0.125, 0.875, 0.14285714285714285, 0.7142857142857142, 0.2222222222222222, 0.5555555555555554
22, 0.001984126984126991, 0.12632275132275128, 0.805224867724867, 9, 0, 0, 1, 0, 0, 0, 0, 1, 0, 0.125, 0.875, 0.1111111111111111, 0.8888888888888888, 0.125, 0.75, 0.14285714285714285, 0.7142857142857142
23, 0.001388888888888891, 0.11203703703703706, 0.8277777777777772, 9, 0, 0, 1, 0, 0, 0, 0, 0, 1, 0.1111111111111111, 0.8888888888888888, 0.1, 0.8999999999999999, 0.1111111111111111, 0.7777777777777777, 0.125, 0.75
24, 0.00555555555555555, 0.07037037037037036, 0.8925925925925926, 9, 0, 0, 1, 0, 0, 0, 0, 0, 0, 0.1, 0.8999999999999999, 0, 1, 0.1111111111111111, 0.7777777777777777
25, 0.008333333333333304, 0.2944444444444449, 0.5944444444444446, 9, 0, 0, 1, 0, 0, 1, 1, 0, 0, 0.3333333333333333, 0.3333333333333333, 0.3, 0.6999999999999997, 0.25, 0.75
26, 0.010606060606060605, 0.33232323232323246, 0.5132756132756131, 9, 0, 0, 1, 0, 0, 1, 1, 0, 1, 0.3333333333333333, 0.3333333333333333, 0.36363636363636365, 0.36363636363636365, 0.3333333333333333, 0.6666666666666667, 0.3, 0.6999999999999997
27, 0.006060606060606072, 0.36565656565656557, 0.47676767676767756, 9, 0, 0, 1, 0, 0, 1, 1, 1, 0, 0.36363636363636365, 0.36363636363636365, 0.4, 0.4, 0.3333333333333333, 0.6666666666666667
28, 0.004166666666666638, 0.3694444444444448, 0.5638888888888888, 9, 0, 0, 1, 0, 1, 0, 1, 1, 0, 0.4, 0.4, 0.375, 0.625, 0.3333333333333333, 0.6666666666666667
29, 0.004166666666666666, 0.3972222222222217, 0.5138888888888888, 9, 0, 0, 1, 0, 1, 0, 2, 0, 0, 0.4, 0.4, 0.4166666666666667, 0.4166666666666667, 0.4, 0.5999999999999996, 0.375, 0.625
30, 0.005808080808080804, 0.4269579856536379, 0.5065070999853605, 9, 0, 0, 1, 0, 1, 0, 2, 0, 1, 0.4166666666666667, 0.4166666666666667, 0.45454545454545453, 0.45454545454545453, 0.4444444444444444, 0.5555555555555554, 0.4, 0.5999999999999996
31, 0.0025252525252525138, 0.4663299663299664, 0.5033670033670039, 9, 0, 0, 1, 0, 1, 0, 2, 1, 0, 0.45454545454545453, 0.45454545454545453, 0.5, 0.5, 0.4444444444444444, 0.5555555555555554
32, 0.003968253968253982, 0.4576719576719574, 0.5899470899470897, 9, 0, 1, 0, 0, 1, 0, 2, 1, 0, 0.5, 0.5, 0.42857142857142855, 0.7142857142857144, 0.4444444444444444, 0.5555555555555554
33, 0.008531746031746043, 0.4098037406176943, 0.6901408883967023, 9, 0, 1, 0, 0, 1, 0, 2, 0, 1, 0.42857142857142855, 0.7142857142857144, 0.375, 0.875, 0.4, 0.5999999999999996, 0.4444444444444444, 0.5555555555555554
34, 0.00833333333333336, 0.36944444444444413, 0.7833333333333323, 9, 0, 1, 0, 0, 1, 0, 2, 0, 0, 0.375, 0.875, 0.3333333333333333, 1, 0.375, 0.625, 0.4, 0.5999999999999996
35, 0.012500000000000011, 0.33611111111111097, 0.8194444444444441, 9, 0, 1, 0, 0, 1, 0, 1, 1, 0, 0.3333333333333333, 1, 0.3, 1, 0.3333333333333333, 0.6666666666666667, 0.375, 0.625
36, 0.0067099567099567214, 0.30048410370990974, 0.8735279057859692, 9, 0, 1, 0, 0, 1, 0, 1, 0, 1, 0.3, 1, 0.2727272727272727, 1, 0.2857142857142857, 0.8571428571428572, 0.3333333333333333, 0.6666666666666667
37, 0.001623376623376624, 0.26948051948051954, 0.9523809523809516, 9, 0, 1, 0, 0, 1, 0, 1, 0, 0, 0.2727272727272727, 1, 0.25, 1, 0.2857142857142857, 0.8571428571428572
38, 0.011507936507936536, 0.2606914796569966, 0.852380952380952, 9, 0, 1, 0, 0, 0, 1, 1, 0, 0, 0.25, 1, 0.2222222222222222, 1, 0.25, 0.75, 0.3, 0.6999999999999997, 0.2857142857142857, 0.8571428571428572
39, 0.0023809523809523586, 0.3063492063492086, 0.7412698412698455, 9, 0, 1, 0, 0, 0, 1, 1, 0, 1, 0.3, 0.6999999999999997, 0.3333333333333333, 0.6666666666666667, 0.2857142857142857, 0.8571428571428572
40, 0.002777777777777782, 0.2240740740740737, 0.9166666666666654, 9, 0, 1, 0, 0, 0, 1, 0, 1, 0, 0.2222222222222222, 1, 0.2, 1, 0.25, 0.75
41, 0.002777777777777782, 0.22407407407407412, 0.8425925925925924, 9, 0, 1, 0, 0, 0, 0, 1, 1, 0, 0.2, 1, 0.2222222222222222, 0.7777777777777777, 0.25, 0.75
42, 0.004040404040404039, 0.20134680134680144, 0.8925925925925926, 9, 0, 1, 0, 0, 0, 0, 1, 0, 1, 0.2, 1, 0.18181818181818182, 1, 0.2, 0.7999999999999998, 0.2222222222222222, 0.7777777777777777
43, 0.01123737373737374, 0.15728729239965192, 0.9178838951310864, 9, 0, 1, 0, 0, 0, 0, 1, 0, 0, 0.18181818181818182, 1, 0.1111111111111111, 1, 0.125, 0.875, 0.2, 0.7999999999999998
44, 0.001388888888888891, 0.11203703703703696, 0.9398148148148144, 9, 0, 1, 0, 0, 0, 0, 0, 1, 0, 0.1111111111111111, 1, 0.1, 1, 0.1111111111111111, 0.8888888888888888, 0.125, 0.875
45, 0.0010101010101010166, 0.10067340067340046, 0.9462962962962946, 9, 0, 1, 0, 0, 0, 0, 0, 0, 1, 0.1, 1, 0.09090909090909091, 1, 0.1, 0.8999999999999999, 0.1111111111111111, 0.8888888888888888
46, 0.004545454545454547, 0.0636363636363636, 0.9666666666666667, 9, 0, 1, 0, 0, 0, 0, 0, 0, 0, 0.09090909090909091, 1, 0, 1, 0.1, 0.8999999999999999
47, 0.007142857142857131, 0.44285714285714434, 0.7380952380952378, 9, 0, 1, 0, 1, 0, 0, 2, 1, 0, 0.5, 0.5, 0.4, 1, 0.42857142857142855, 0.7142857142857144
48, 0.0076298701298701255, 0.39474302293451197, 0.8914640324214794, 9, 0, 1, 0, 1, 0, 0, 2, 0, 1, 0.4, 1, 0.36363636363636365, 1, 0.375, 0.875, 0.42857142857142855, 0.7142857142857144
49, 0.0018939393939393923, 0.35732323232323265, 0.9583333333333346, 9, 0, 1, 0, 1, 0, 0, 2, 0, 0, 0.36363636363636365, 1, 0.3333333333333333, 1, 0.375, 0.875
50, 0.0111111111111111, 0.44814814814814774, 0.8333333333333346, 9, 0, 1, 0, 1, 0, 1, 1, 1, 0, 0.5, 0.5, 0.4444444444444444, 1, 0.4, 1
51, 0.0025252525252525138, 0.4663299663299655, 0.8333333333333351, 9, 0, 1, 0, 1, 0, 1, 2, 0, 0, 0.5, 0.5, 0.45454545454545453, 1, 0.4444444444444444, 1
52, 0.022727272727272735, 0.5000000000000002, 0.757575757575758, 9, 0, 1, 0, 1, 0, 1, 2, 0, 1, 0.5, 0.5, 0.5454545454545454, 0.5454545454545454, 0.5, 1, 0.45454545454545453, 1
53, 0.012445887445887455, 0.5449996863040334, 0.7230535165317774, 9, 0, 1, 0, 1, 0, 1, 2, 1, 0, 0.5454545454545454, 0.5454545454545454, 0.5833333333333334, 0.5833333333333334, 0.5714285714285714, 0.7142857142857144, 0.5, 1
54, 0.001190476190476214, 0.58492063492063, 0.6325396825396778, 9, 0, 1, 0, 1, 0, 1, 2, 1, 1, 0.5833333333333334, 0.5833333333333334, 0.6, 0.6, 0.5714285714285714, 0.7142857142857144
55, 0.0031746031746031356, 0.5756613756613769, 0.7582010582010604, 9, 0, 1, 0, 1, 1, 0, 2, 1, 1, 0.6, 0.6, 0.5714285714285714, 0.8571428571428568, 0.5555555555555556, 0.8888888888888884, 0.5714285714285714, 0.7142857142857144
56, 0.003968253968253926, 0.5423280423280432, 0.8677248677248705, 9, 0, 1, 0, 1, 1, 0, 2, 1, 0, 0.5555555555555556, 0.8888888888888884, 0.5, 1, 0.5714285714285714, 0.7142857142857144
57, 0.007629870129870153, 0.6052569770654871, 0.7137929446440066, 9, 0, 1, 0, 1, 1, 0, 3, 0, 1, 0.6, 0.6, 0.6363636363636364, 0.6363636363636364, 0.625, 0.75, 0.5714285714285714, 0.8571428571428568
58, 0.0018939393939393923, 0.642676767676768, 0.6843434343434346, 9, 0, 1, 0, 1, 1, 0, 3, 1, 0, 0.6363636363636364, 0.6363636363636364, 0.6666666666666666, 0.6666666666666666, 0.625, 0.75
59, 0.004166666666666624, 0.6305555555555562, 0.8055555555555581, 9, 0, 1, 1, 0, 1, 0, 3, 1, 0, 0.6666666666666666, 0.6666666666666666, 0.6, 1, 0.625, 0.75
60, 0.008531746031746057, 0.5901962593823056, 0.9000553709856025, 9, 0, 1, 1, 0, 1, 0, 3, 0, 1, 0.6, 1, 0.5555555555555556, 1, 0.5714285714285714, 0.8571428571428568, 0.625, 0.75
61, 0.0014430014430014682, 0.5574795574795565, 0.9338624338624261, 9, 0, 1, 1, 0, 1, 0, 2, 1, 1, 0.5555555555555556, 1, 0.5454545454545454, 1, 0.5555555555555556, 0.8888888888888884, 0.5714285714285714, 0.8571428571428568
62, 0.0025252525252525415, 0.5336700336700332, 0.9629629629629616, 9, 0, 1, 1, 0, 1, 0, 2, 1, 0, 0.5454545454545454, 1, 0.5, 1, 0.5555555555555556, 0.8888888888888884
63, 0.006060606060606072, 0.6343434343434341, 0.8888888888888884, 9, 0, 1, 1, 0, 1, 1, 2, 1, 0, 0.6666666666666666, 0.6666666666666666, 0.6363636363636364, 1, 0.6, 1
64, 0.010606060606060591, 0.6676767676767686, 0.836507936507937, 9, 0, 1, 1, 0, 1, 1, 2, 1, 1, 0.6666666666666666, 0.6666666666666666, 0.7, 0.7, 0.6666666666666666, 1, 0.6363636363636364, 1
65, 0.006709956709956694, 0.6995158962900894, 0.8259879905041194, 9, 0, 1, 1, 0, 1, 1, 3, 0, 1, 0.7, 0.7, 0.7272727272727273, 0.7272727272727273, 0.7142857142857143, 0.8571428571428568, 0.6666666666666666, 1
66, 0.0016233766233766378, 0.7305194805194792, 0.7781385281385272, 9, 0, 1, 1, 0, 1, 1, 3, 1, 0, 0.7272727272727273, 0.7272727272727273, 0.75, 0.75, 0.7142857142857143, 0.8571428571428568
67, 0.0051948051948051965, 0.7242694805194816, 0.9002976190476188, 9, 0, 1, 1, 1, 0, 1, 3, 1, 0, 0.75, 0.75, 0.7272727272727273, 1, 0.7, 1, 0.7142857142857143, 0.8571428571428568
68, 0.009090909090909038, 0.7590909090909105, 0.870833333333335, 9, 0, 1, 1, 1, 0, 1, 3, 1, 1, 0.75, 0.75, 0.8, 0.8, 0.75, 1, 0.7272727272727273, 1
69, 0.002380952380952428, 0.6936507936507906, 0.9523809523809462, 9, 0, 1, 1, 1, 0, 1, 3, 0, 1, 0.7, 1, 0.6666666666666666, 1, 0.7142857142857143, 0.8571428571428568
70, 0.0027777777777778234, 0.7759259259259238, 0.9333333333333274, 9, 0, 1, 1, 1, 1, 0, 3, 1, 1, 0.8, 0.8, 0.7777777777777778, 1, 0.75, 1
71, 0.004040404040404011, 0.7986531986531986, 0.9060606060606086, 9, 0, 1, 1, 1, 1, 0, 4, 0, 1, 0.8, 0.8, 0.8181818181818182, 0.8181818181818182, 0.8, 1, 0.7777777777777778, 1
72, 0.001515151515151525, 0.8171717171717133, 0.8838383838383861, 9, 0, 1, 1, 1, 1, 0, 4, 1, 0, 0.8181818181818182, 0.8181818181818182, 0.8333333333333334, 0.8333333333333334, 0.8, 1
73, 0.001515151515151525, 0.8171717171717194, 0.9444444444444383, 9, 0, 1, 1, 1, 1, 1, 3, 1, 0, 0.8333333333333334, 0.8333333333333334, 0.8181818181818182, 1, 0.8, 1
74, 0.009595959595959602, 0.8573276625908208, 0.9315789473684206, 9, 0, 1, 1, 1, 1, 1, 3, 1, 1, 0.8333333333333334, 0.8333333333333334, 0.9, 0.9, 0.8888888888888888, 1, 0.8181818181818182, 1
75, 0.0010101010101010166, 0.8993265993265984, 0.9530303030303026, 9, 0, 1, 1, 1, 1, 1, 4, 0, 1, 0.9, 0.9, 0.9090909090909091, 0.9090909090909091, 0.9, 1, 0.8888888888888888, 1
76, 0.0007575757575757347, 0.9085858585858655, 0.9570707070707152, 9, 0, 1, 1, 1, 1, 1, 4, 1, 0, 0.9090909090909091, 0.9090909090909091, 0.9166666666666666, 0.9166666666666666, 0.9090909090909091, 1, 0.9, 1
77, 0.0037878787878787845, 0.9419191919191933, 0.9722222222222227, 9, 0, 1, 1, 1, 1, 1, 4, 1, 1, 0.9166666666666666, 0.9166666666666666, 1, 1, 0.9090909090909091, 1
78, 0.003787878787878788, 0.05808080808080809, 0.027777777777777776, 9, 1, 0, 0, 0, 0, 0, 0, 0, 0, 0, 0, 0.09090909090909091, 0, 0.08333333333333333, 0.08333333333333333
79, 0.0007575757575757581, 0.0914141414141414, 0.04292929292929293, 9, 1, 0, 0, 0, 0, 0, 0, 0, 1, 0.09090909090909091, 0, 0.1, 0, 0.09090909090909091, 0.09090909090909091, 0.08333333333333333, 0.08333333333333333
80, 0.0010101010101010097, 0.10067340067340065, 0.046969696969696974, 9, 1, 0, 0, 0, 0, 0, 0, 1, 0, 0.1, 0, 0.1111111111111111, 0, 0.1, 0.1, 0.09090909090909091, 0.09090909090909091
81, 0.009595959595959595, 0.14267233740917953, 0.06842105263157894, 9, 1, 0, 0, 0, 0, 0, 1, 0, 0, 0.1111111111111111, 0, 0.18181818181818182, 0, 0.16666666666666666, 0.16666666666666666, 0.1, 0.1
82, 0.0015151515151515145, 0.1828282828282828, 0.05555555555555555, 9, 1, 0, 0, 0, 0, 0, 1, 0, 1, 0.18181818181818182, 0, 0.2, 0, 0.16666666666666666, 0.16666666666666666
83, 0.001515151515151518, 0.18282828282828278, 0.11616161616161609, 9, 1, 0, 0, 0, 0, 1, 0, 0, 1, 0.2, 0, 0.18181818181818182, 0.18181818181818182, 0.16666666666666666, 0.16666666666666666
84, 0.004040404040404039, 0.2013468013468013, 0.09393939393939395, 9, 1, 0, 0, 0, 0, 1, 0, 1, 0, 0.2, 0, 0.2222222222222222, 0, 0.2, 0.2, 0.18181818181818182, 0.18181818181818182
85, 0.0027777777777777783, 0.2240740740740742, 0.06666666666666678, 9, 1, 0, 0, 0, 0, 1, 1, 0, 0, 0.2222222222222222, 0, 0.25, 0, 0.2, 0.2
86, 0.009090909090909087, 0.24090909090909096, 0.12916666666666665, 9, 1, 0, 0, 0, 1, 0, 1, 0, 0, 0.25, 0, 0.2727272727272727, 0, 0.25, 0.25, 0.2, 0.2
87, 0.0051948051948051965, 0.2757305194805191, 0.0997023809523808, 9, 1, 0, 0, 0, 1, 0, 1, 0, 1, 0.2727272727272727, 0, 0.3, 0, 0.2857142857142857, 0.1428571428571428, 0.25, 0.25
88, 0.0023809523809523794, 0.30634920634920665, 0.047619047619047596, 9, 1, 0, 0, 0, 1, 0, 1, 1, 0, 0.3, 0, 0.3333333333333333, 0, 0.2857142857142857, 0.1428571428571428
89, 0.0067099567099567145, 0.30048410370991, 0.17401200949588042, 9, 1, 0, 0, 1, 0, 0, 1, 1, 0, 0.3333333333333333, 0, 0.3, 0.3, 0.2727272727272727, 0.2727272727272727, 0.2857142857142857, 0.1428571428571428
90, 0.0016233766233766204, 0.26948051948051943, 0.22186147186147195, 9, 1, 0, 0, 1, 0, 0, 1, 0, 1, 0.2727272727272727, 0.2727272727272727, 0.25, 0.25, 0.2857142857142857, 0.1428571428571428
91, 0.010606060606060612, 0.33232323232323246, 0.1634920634920634, 9, 1, 0, 0, 1, 0, 0, 2, 0, 0, 0.3333333333333333, 0, 0.36363636363636365, 0, 0.3333333333333333, 0.3333333333333333, 0.3, 0.3
92, 0.006060606060606058, 0.3656565656565656, 0.1111111111111111, 9, 1, 0, 0, 1, 0, 0, 2, 0, 1, 0.36363636363636365, 0, 0.4, 0, 0.3333333333333333, 0.3333333333333333
93, 0.004166666666666666, 0.3694444444444451, 0.19444444444444492, 9, 1, 0, 0, 1, 0, 1, 1, 0, 1, 0.4, 0, 0.375, 0.25, 0.3333333333333333, 0.3333333333333333
94, 0.008531746031746008, 0.4098037406176941, 0.09994462901439631, 9, 1, 0, 0, 1, 0, 1, 1, 1, 0, 0.4, 0, 0.4444444444444444, 0, 0.42857142857142855, 0.14285714285714235, 0.375, 0.25
95, 0.0014430014430014404, 0.44252044252044165, 0.06613756613756563, 9, 1, 0, 0, 1, 0, 1, 2, 0, 0, 0.4444444444444444, 0, 0.45454545454545453, 0, 0.4444444444444444, 0.11111111111111072, 0.42857142857142855, 0.14285714285714235
96, 0.0025252525252525172, 0.46632996632996576, 0.03703703703703693, 9, 1, 0, 0, 1, 0, 1, 2, 0, 1, 0.45454545454545453, 0, 0.5, 0, 0.4444444444444444, 0.11111111111111072
97, 0.003968253968253982, 0.4576719576719583, 0.1322751322751321, 9, 1, 0, 1, 0, 0, 1, 2, 0, 1, 0.5, 0, 0.42857142857142855, 0.2857142857142856, 0.4444444444444444, 0.11111111111111072
98, 0.003174603174603177, 0.42433862433862446, 0.24179894179894149, 9, 1, 0, 1, 0, 0, 1, 2, 0, 0, 0.42857142857142855, 0.2857142857142856, 0.4, 0.4, 0.42857142857142855, 0.14285714285714235, 0.4444444444444444, 0.11111111111111072
99, 0.007629870129870146, 0.39474302293451213, 0.2862070553559914, 9, 1, 0, 1, 0, 0, 1, 1, 1, 0, 0.4, 0.4, 0.36363636363636365, 0.36363636363636365, 0.375, 0.25, 0.42857142857142855, 0.14285714285714235
100, 0.0018939393939393853, 0.3573232323232333, 0.3156565656565665, 9, 1, 0, 1, 0, 0, 1, 1, 0, 1, 0.36363636363636365, 0.36363636363636365, 0.3333333333333333, 0.3333333333333333, 0.375, 0.25
101, 0.012445887445887455, 0.4550003136959655, 0.2769464834682223, 9, 1, 0, 1, 0, 1, 0, 2, 0, 1, 0.5, 0, 0.45454545454545453, 0.45454545454545453, 0.4166666666666667, 0.4166666666666667, 0.42857142857142855, 0.2857142857142856
102, 0.0011904761904761932, 0.41507936507936566, 0.3674603174603179, 9, 1, 0, 1, 0, 1, 0, 2, 0, 0, 0.4166666666666667, 0.4166666666666667, 0.4, 0.4, 0.42857142857142855, 0.2857142857142856
103, 0.02272727272727272, 0.5000000000000001, 0.2424242424242425, 9, 1, 0, 1, 0, 1, 0, 2, 1, 0, 0.5, 0, 0.5454545454545454, 0, 0.5, 0.5, 0.45454545454545453, 0.45454545454545453
104, 0.0025252525252525415, 0.5336700336700323, 0.16666666666666666, 9, 1, 0, 1, 0, 1, 0, 2, 1, 1, 0.5454545454545454, 0, 0.5555555555555556, 0, 0.5, 0.5
105, 0.0111111111111111, 0.5518518518518523, 0.16666666666666666, 9, 1, 0, 1, 0, 1, 0, 3, 0, 1, 0.5555555555555556, 0, 0.6, 0, 0.5, 0.5
106, 0.007142857142857145, 0.5571428571428546, 0.2619047619047611, 9, 1, 0, 1, 0, 1, 1, 2, 0, 1, 0.6, 0, 0.5714285714285714, 0.2857142857142856, 0.5, 0.5
107, 0.007629870129870139, 0.6052569770654875, 0.10853596757852066, 9, 1, 0, 1, 0, 1, 1, 2, 1, 0, 0.6, 0, 0.6363636363636364, 0, 0.625, 0.125, 0.5714285714285714, 0.2857142857142856
108, 0.0018939393939393923, 0.6426767676767667, 0.041666666666666664, 9, 1, 0, 1, 0, 1, 1, 2, 1, 1, 0.6363636363636364, 0, 0.6666666666666666, 0, 0.625, 0.125
109, 0.008333333333333352, 0.6305555555555544, 0.21666666666666684, 9, 1, 0, 1, 1, 0, 1, 2, 1, 1, 0.6666666666666666, 0, 0.625, 0.375, 0.6, 0.39999999999999947, 0.625, 0.125
110, 0.008531746031746015, 0.5901962593823062, 0.3098591116032974, 9, 1, 0, 1, 1, 0, 1, 2, 1, 0, 0.6, 0.39999999999999947, 0.5555555555555556, 0.44444444444444464, 0.5714285714285714, 0.2857142857142856, 0.625, 0.125
111, 0.003968253968253982, 0.542328042328042, 0.4100529100529103, 9, 1, 0, 1, 1, 0, 1, 2, 0, 1, 0.5555555555555556, 0.44444444444444464, 0.5, 0.5, 0.5714285714285714, 0.2857142857142856
112, 0.012500000000000011, 0.6638888888888884, 0.1805555555555553, 9, 1, 0, 1, 1, 0, 1, 3, 0, 1, 0.6666666666666666, 0, 0.7, 0, 0.6666666666666666, 0.3333333333333335, 0.625, 0.375
113, 0.006709956709956735, 0.6995158962900906, 0.1264720942140299, 9, 1, 0, 1, 1, 0, 1, 3, 1, 0, 0.7, 0, 0.7272727272727273, 0, 0.7142857142857143, 0.14285714285714324, 0.6666666666666666, 0.3333333333333335
114, 0.001623376623376624, 0.7305194805194826, 0.04761904761904772, 9, 1, 0, 1, 1, 0, 1, 3, 1, 1, 0.7272727272727273, 0, 0.75, 0, 0.7142857142857143, 0.14285714285714324
115, 0.011507936507936481, 0.7393085203430025, 0.1476190476190475, 9, 1, 0, 1, 1, 1, 0, 3, 1, 1, 0.75, 0, 0.7777777777777778, 0, 0.75, 0.25, 0.7, 0.29999999999999893, 0.7142857142857143, 0.14285714285714324
116, 0.0023809523809523447, 0.6936507936507935, 0.25873015873015837, 9, 1, 0, 1, 1, 1, 0, 3, 1, 0, 0.7, 0.29999999999999893, 0.6666666666666666, 0.3333333333333335, 0.7142857142857143, 0.14285714285714324
117, 0.002777777777777782, 0.7759259259259288, 0.08333333333333333, 9, 1, 0, 1, 1, 1, 0, 4, 0, 1, 0.7777777777777778, 0, 0.8, 0, 0.75, 0.25
118, 0.002777777777777754, 0.7759259259259266, 0.15740740740740744, 9, 1, 0, 1, 1, 1, 1, 3, 0, 1, 0.8, 0, 0.7777777777777778, 0.22222222222222143, 0.75, 0.25
119, 0.004040404040404025, 0.7986531986531982, 0.10740740740740695, 9, 1, 0, 1, 1, 1, 1, 3, 1, 0, 0.8, 0, 0.8181818181818182, 0, 0.8, 0.1999999999999993, 0.7777777777777778, 0.22222222222222143
120, 0.011237373737373713, 0.8427127076003483, 0.08211610486891369, 9, 1, 0, 1, 1, 1, 1, 3, 1, 1, 0.8181818181818182, 0, 0.8888888888888888, 0, 0.875, 0.125, 0.8, 0.1999999999999993
121, 0.001388888888888884, 0.8879629629629613, 0.060185185185185, 9, 1, 0, 1, 1, 1, 1, 4, 0, 1, 0.8888888888888888, 0, 0.9, 0, 0.8888888888888888, 0.11111111111111072, 0.875, 0.125
122, 0.0010101010101010027, 0.8993265993266016, 0.0537037037037038, 9, 1, 0, 1, 1, 1, 1, 4, 1, 0, 0.9, 0, 0.9090909090909091, 0, 0.9, 0.09999999999999964, 0.8888888888888888, 0.11111111111111072
123, 0.004545454545454533, 0.9363636363636358, 0.033333333333333194, 9, 1, 0, 1, 1, 1, 1, 4, 1, 1, 0.9090909090909091, 0, 1, 0, 0.9, 0.09999999999999964
124, 0.005555555555555536, 0.9296296296296297, 0.1074074074074071, 9, 1, 1, 0, 1, 1, 1, 4, 1, 1, 1, 0, 0.8888888888888888, 0.22222222222222143, 0.9, 0.09999999999999964
125, 0.001388888888888884, 0.8879629629629613, 0.172222222222222, 9, 1, 1, 0, 1, 1, 1, 4, 1, 0, 0.8888888888888888, 0.22222222222222143, 0.875, 0.25, 0.8888888888888888, 0.11111111111111072, 0.9, 0.09999999999999964
126, 0.001984126984126991, 0.8736772486772449, 0.1947751322751313, 9, 1, 1, 0, 1, 1, 1, 4, 0, 1, 0.875, 0.25, 0.8571428571428571, 0.2857142857142847, 0.875, 0.125, 0.8888888888888888, 0.11111111111111072
127, 0.013293650793650733, 0.8246999131327487, 0.26714246229171523, 9, 1, 1, 0, 1, 1, 1, 3, 1, 1, 0.8571428571428571, 0.2857142857142847, 0.7777777777777778, 0.44444444444444287, 0.8, 0.1999999999999993, 0.875, 0.125
128, 0.005555555555555536, 0.7759259259259277, 0.34444444444444317, 9, 1, 1, 0, 1, 1, 1, 3, 1, 0, 0.7777777777777778, 0.44444444444444287, 0.75, 0.5, 0.7777777777777778, 0.22222222222222143, 0.8, 0.1999999999999993
129, 0.007936507936507936, 0.747354497354496, 0.38955026455026454, 9, 1, 1, 0, 1, 1, 1, 3, 0, 1, 0.75, 0.5, 0.7142857142857143, 0.5714285714285712, 0.75, 0.25, 0.7777777777777778, 0.22222222222222143
130, 0.005952380952380917, 0.7103174603174631, 0.49603174603174655, 9, 1, 1, 0, 1, 1, 1, 2, 1, 1, 0.7142857142857143, 0.5714285714285712, 0.6666666666666666, 0.6666666666666666, 0.75, 0.25
131, 0.008333333333333415, 0.7055555555555535, 0.40555555555555506, 9, 1, 1, 0, 1, 1, 0, 3, 1, 1, 0.6666666666666666, 0.6666666666666666, 0.7, 0.29999999999999893, 0.75, 0.25
132, 0.010606060606060605, 0.6676767676767678, 0.48672438672438606, 9, 1, 1, 0, 1, 1, 0, 3, 1, 0, 0.6666666666666666, 0.6666666666666666, 0.6363636363636364, 0.6363636363636364, 0.6666666666666666, 0.3333333333333335, 0.7, 0.29999999999999893
133, 0.006060606060606058, 0.6343434343434355, 0.5232323232323236, 9, 1, 1, 0, 1, 1, 0, 3, 0, 1, 0.6363636363636364, 0.6363636363636364, 0.6, 0.6, 0.6666666666666666, 0.3333333333333335
134, 0.004166666666666638, 0.6305555555555552, 0.4361111111111112, 9, 1, 1, 0, 1, 0, 1, 3, 0, 1, 0.6, 0.6, 0.625, 0.375, 0.6666666666666666, 0.3333333333333335
135, 0.004166666666666666, 0.6027777777777789, 0.4861111111111117, 9, 1, 1, 0, 1, 0, 1, 2, 1, 1, 0.6, 0.6, 0.5833333333333334, 0.5833333333333334, 0.6, 0.39999999999999947, 0.625, 0.375
136, 0.005808080808080818, 0.5730420143463627, 0.49349290001463875, 9, 1, 1, 0, 1, 0, 1, 2, 1, 0, 0.5833333333333334, 0.5833333333333334, 0.5454545454545454, 0.5454545454545454, 0.5555555555555556, 0.44444444444444464, 0.6, 0.39999999999999947
137, 0.0025252525252525276, 0.5336700336700325, 0.4966329966329961, 9, 1, 1, 0, 1, 0, 1, 2, 0, 1, 0.5454545454545454, 0.5454545454545454, 0.5, 0.5, 0.5555555555555556, 0.44444444444444464
138, 0.006944444444444503, 0.921296296296297, 0.19907407407407393, 9, 1, 1, 1, 0, 1, 1, 4, 1, 1, 1, 0, 0.875, 0.375, 0.8888888888888888, 0.22222222222222143
139, 0.001984126984126991, 0.8736772486772449, 0.32109788359788344, 9, 1, 1, 1, 0, 1, 1, 4, 1, 0, 0.875, 0.375, 0.8571428571428571, 0.4285714285714288, 0.875, 0.25, 0.8888888888888888, 0.22222222222222143
140, 0.0029761904761904934, 0.8551587301587329, 0.3690476190476193, 9, 1, 1, 1, 0, 1, 1, 4, 0, 1, 0.8571428571428571, 0.4285714285714288, 0.8333333333333334, 0.5, 0.8571428571428571, 0.2857142857142847, 0.875, 0.25
141, 0.015873015873015955, 0.8019179894179903, 0.5003306878306876, 9, 1, 1, 1, 0, 1, 1, 3, 1, 1, 0.8333333333333334, 0.5, 0.75, 0.75, 0.7777777777777778, 0.44444444444444287, 0.8571428571428571, 0.2857142857142847
142, 0.006313131313131354, 0.7516835016834996, 0.6072390572390549, 9, 1, 1, 1, 0, 1, 1, 3, 1, 0, 0.75, 0.75, 0.7272727272727273, 0.7272727272727273, 0.75, 0.5, 0.7777777777777778, 0.44444444444444287
143, 0.005194805194805169, 0.7242694805194819, 0.6245670995671011, 9, 1, 1, 1, 0, 1, 1, 3, 0, 1, 0.7272727272727273, 0.7272727272727273, 0.7, 0.7, 0.7142857142857143, 0.5714285714285712, 0.75, 0.5
144, 0.0023809523809524002, 0.6936507936507929, 0.6460317460317444, 9, 1, 1, 1, 0, 1, 1, 2, 1, 1, 0.7, 0.7, 0.6666666666666666, 0.6666666666666666, 0.7142857142857143, 0.5714285714285712
145, 0.008928571428571397, 0.9107142857142891, 0.31547619047619035, 9, 1, 1, 1, 1, 0, 1, 4, 1, 1, 1, 0, 0.8571428571428571, 0.5714285714285712, 0.875, 0.375
146, 0.0029761904761904656, 0.8551587301587283, 0.5138888888888873, 9, 1, 1, 1, 1, 0, 1, 4, 1, 0, 0.8571428571428571, 0.5714285714285712, 0.8333333333333334, 0.6666666666666661, 0.8571428571428571, 0.4285714285714288, 0.875, 0.375
147, 0.004761904761904717, 0.8301587301587313, 0.6039682539682555, 9, 1, 1, 1, 1, 0, 1, 4, 0, 1, 0.8333333333333334, 0.6666666666666661, 0.8, 0.8, 0.8333333333333334, 0.5, 0.8571428571428571, 0.4285714285714288
148, 0.00833333333333336, 0.794444444444443, 0.6833333333333326, 9, 1, 1, 1, 1, 0, 1, 3, 1, 1, 0.8, 0.8, 0.75, 0.75, 0.8333333333333334, 0.5
149, 0.011904761904761973, 0.8968253968253929, 0.4682539682539671, 9, 1, 1, 1, 1, 1, 0, 4, 1, 1, 1, 0, 0.8333333333333334, 0.8333333333333334, 0.8571428571428571, 0.5714285714285712
150, 0.0032467532467532756, 0.8362193362193354, 0.7224627224627221, 9, 1, 1, 1, 1, 1, 0, 4, 1, 0, 0.8333333333333334, 0.8333333333333334, 0.8181818181818182, 0.8181818181818182, 0.8333333333333334, 0.6666666666666661, 0.8571428571428571, 0.5714285714285712
151, 0.001515151515151525, 0.8171717171717194, 0.7616161616161607, 9, 1, 1, 1, 1, 1, 0, 4, 0, 1, 0.8181818181818182, 0.8181818181818182, 0.8, 0.8, 0.8333333333333334, 0.6666666666666661
152, 0.033333333333333326, 0.9111111111111105, 0.5777777777777777, 9, 1, 1, 1, 1, 1, 1, 3, 1, 1, 1, 0, 0.9, 0.9, 0.8333333333333334, 0.8333333333333334
153, 0.004545454545454519, 0.9363636363636428, 0.6030303030303014, 9, 1, 1, 1, 1, 1, 1, 4, 0, 1, 1, 0, 0.9090909090909091, 0.9090909090909091, 0.9, 0.9
154, 0.0037878787878787845, 0.9419191919191823, 0.6085858585858587, 9, 1, 1, 1, 1, 1, 1, 4, 1, 0, 1, 0, 0.9166666666666666, 0.9166666666666666, 0.9090909090909091, 0.9090909090909091
155, 0.041666666666666685, 0.9722222222222228, 0.638888888888889, 9, 1, 1, 1, 1, 1, 1, 4, 1, 1, 1, 0, 1, 1, 0.9166666666666666, 0.9166666666666666
