nr, area, centroidx, centroidy, numBars, pixPerBar0, ..., pixPerBarN, vertex1x, vertex1y, vertex2x, ...
0, 0.041666666666666664, 0.027777777777777776, 0.36111111111111105, 9, 0, 0, 0, 0, 0, 0, 0, 0, 0, 0, 0, 0.08333333333333333, 0.08333333333333333, 0, 1
1, 0.0037878787878787915, 0.05808080808080805, 0.3914141414141412, 9, 0, 0, 0, 0, 0, 0, 0, 0, 1, 0.08333333333333333, 0.08333333333333333, 0.09090909090909091, 0.09090909090909091, 0, 1
2, 0.017045454545454544, 0.07196969696969698, 0.40530303030303044, 9, 0, 0, 0, 0, 0, 0, 0, 1, 0, 0.09090909090909091, 0.09090909090909091, 0.125, 0.125, 0, 1
3, 0.008928571428571425, 0.0892857142857143, 0.42261904761904756, 9, 0, 0, 0, 0, 0, 0, 1, 0, 0, 0.125, 0.125, 0.14285714285714285, 0.14285714285714285, 0, 1
4, 0.011904761904761904, 0.10317460317460318, 0.43650793650793673, 9, 0, 0, 0, 0, 0, 1, 0, 0, 0, 0.14285714285714285, 0.14285714285714285, 0.16666666666666666, 0.16666666666666666, 0, 1
5, 0.02083333333333333, 0.09722222222222224, 0.5972222222222222, 9, 0, 0, 0, 0, 1, 0, 0, 0, 0, 0.16666666666666666, 0.16666666666666666, 0.125, 0.625, 0, 1
6, 0.00622294372294372, 0.1547226927661711, 0.3772899805508505, 9, 0, 0, 0, 0, 1, 0, 0, 0, 1, 0.16666666666666666, 0.16666666666666666, 0.18181818181818182, 0.18181818181818182, 0.14285714285714285, 0.5714285714285714, 0.125, 0.625
7, 0.014610389610389608, 0.1915584415584416, 0.3344155844155843, 9, 0, 0, 0, 0, 1, 0, 0, 1, 0, 0.18181818181818182, 0.18181818181818182, 0.25, 0.25, 0.14285714285714285, 0.5714285714285714
8, 0.016071428571428605, 0.1837301587301586, 0.5293650793650788, 9, 0, 0, 0, 1, 0, 0, 0, 1, 0, 0.25, 0.25, 0.2, 0.6000000000000001, 0.125, 0.75, 0.14285714285714285, 0.5714285714285714
9, 0.001984126984126991, 0.12632275132275114, 0.6789021164021154, 9, 0, 0, 0, 1, 0, 0, 0, 0, 1, 0.125, 0.75, 0.1111111111111111, 0.7777777777777777, 0.125, 0.625, 0.14285714285714285, 0.5714285714285714
10, 0.006944444444444434, 0.07870370370370372, 0.8009259259259264, 9, 0, 0, 0, 1, 0, 0, 0, 0, 0, 0.1111111111111111, 0.7777777777777777, 0, 1, 0.125, 0.625
11, 0.002777777777777775, 0.22407407407407387, 0.46851851851851917, 9, 0, 0, 0, 1, 0, 0, 1, 0, 0, 0.25, 0.25, 0.2222222222222222, 0.5555555555555554, 0.2, 0.6000000000000001
12, 0.006313131313131312, 0.24831649831649838, 0.3927609427609429, 9, 0, 0, 0, 1, 0, 0, 1, 0, 1, 0.25, 0.25, 0.2727272727272727, 0.2727272727272727, 0.25, 0.5, 0.2222222222222222, 0.5555555555555554
13, 0.001623376623376624, 0.2694805194805188, 0.3528138528138522, 9, 0, 0, 0, 1, 0, 0, 1, 1, 0, 0.2727272727272727, 0.2727272727272727, 0.2857142857142857, 0.2857142857142857, 0.25, 0.5
14, 0.005952380952380952, 0.2896825396825397, 0.3730158730158729, 9, 0, 0, 0, 1, 0, 1, 0, 1, 0, 0.2857142857142857, 0.2857142857142857, 0.3333333333333333, 0.3333333333333333, 0.25, 0.5
15, 0.013888888888888902, 0.26851851851851843, 0.5648148148148143, 9, 0, 0, 1, 0, 0, 1, 0, 1, 0, 0.3333333333333333, 0.3333333333333333, 0.25, 0.75, 0.2222222222222222, 0.7777777777777777, 0.25, 0.5
16, 0.002777777777777768, 0.224074074074074, 0.6925925925925935, 9, 0, 0, 1, 0, 0, 1, 0, 0, 1, 0.2222222222222222, 0.7777777777777777, 0.2, 0.8, 0.25, 0.5
17, 0.002777777777777782, 0.22407407407407412, 0.6185185185185179, 9, 0, 0, 1, 0, 0, 0, 1, 0, 1, 0.2, 0.8, 0.2222222222222222, 0.5555555555555554, 0.25, 0.5
18, 0.00555555555555555, 0.19629629629629622, 0.7074074074074079, 9, 0, 0, 1, 0, 0, 0, 1, 0, 0, 0.2, 0.8, 0.16666666666666666, 0.8333333333333333, 0.2, 0.6000000000000001, 0.2222222222222222, 0.5555555555555554
19, 0.009722222222222215, 0.1533068783068784, 0.7621693121693122, 9, 0, 0, 1, 0, 0, 0, 0, 1, 0, 0.16666666666666666, 0.8333333333333333, 0.1111111111111111, 0.8888888888888888, 0.125, 0.75, 0.2, 0.6000000000000001
20, 0.001388888888888891, 0.11203703703703706, 0.8277777777777772, 9, 0, 0, 1, 0, 0, 0, 0, 0, 1, 0.1111111111111111, 0.8888888888888888, 0.1, 0.8999999999999999, 0.1111111111111111, 0.7777777777777777, 0.125, 0.75
21, 0.00555555555555555, 0.07037037037037036, 0.8925925925925926, 9, 0, 0, 1, 0, 0, 0, 0, 0, 0, 0.1, 0.8999999999999999, 0, 1, 0.1111111111111111, 0.7777777777777777
22, 0.008333333333333304, 0.2944444444444449, 0.5944444444444446, 9, 0, 0, 1, 0, 1, 0, 0, 1, 0, 0.3333333333333333, 0.3333333333333333, 0.3, 0.6999999999999997, 0.25, 0.75
23, 0.010606060606060591, 0.33232323232323246, 0.5132756132756138, 9, 0, 0, 1, 0, 1, 0, 0, 1, 1, 0.3333333333333333, 0.3333333333333333, 0.36363636363636365, 0.36363636363636365, 0.3333333333333333, 0.6666666666666665, 0.3, 0.6999999999999997
24, 0.0018939393939393923, 0.3573232323232308, 0.4684343434343427, 9, 0, 0, 1, 0, 1, 0, 0, 2, 0, 0.36363636363636365, 0.36363636363636365, 0.375, 0.375, 0.3333333333333333, 0.6666666666666665
25, 0.012500000000000011, 0.37870370370370393, 0.5194444444444445, 9, 0, 0, 1, 0, 1, 0, 1, 1, 0, 0.375, 0.375, 0.4166666666666667, 0.4166666666666667, 0.4, 0.6000000000000001, 0.3333333333333333, 0.6666666666666665
26, 0.0011904761904761862, 0.4150793650793642, 0.4817460317460332, 9, 0, 0, 1, 0, 1, 0, 1, 1, 1, 0.4166666666666667, 0.4166666666666667, 0.42857142857142855, 0.42857142857142855, 0.4, 0.6000000000000001
27, 0.0046176046176046315, 0.430020442520442, 0.512890812890812, 9, 0, 0, 1, 0, 1, 1, 0, 1, 1, 0.42857142857142855, 0.42857142857142855, 0.45454545454545453, 0.45454545454545453, 0.4444444444444444, 0.5555555555555554, 0.4, 0.6000000000000001
28, 0.0025252525252525138, 0.4663299663299664, 0.5033670033670039, 9, 0, 0, 1, 0, 1, 1, 0, 2, 0, 0.45454545454545453, 0.45454545454545453, 0.5, 0.5, 0.4444444444444444, 0.5555555555555554
29, 0.003968253968253982, 0.4576719576719574, 0.5899470899470897, 9, 0, 1, 0, 0, 1, 1, 0, 2, 0, 0.5, 0.5, 0.42857142857142855, 0.7142857142857144, 0.4444444444444444, 0.5555555555555554
30, 0.008531746031746015, 0.4098037406176944, 0.6901408883967028, 9, 0, 1, 0, 0, 1, 1, 0, 1, 1, 0.42857142857142855, 0.7142857142857144, 0.375, 0.875, 0.4, 0.6000000000000001, 0.4444444444444444, 0.5555555555555554
31, 0.00416666666666668, 0.36944444444444274, 0.8249999999999976, 9, 0, 1, 0, 0, 1, 1, 0, 1, 0, 0.375, 0.875, 0.3333333333333333, 1, 0.4, 0.6000000000000001
32, 0.01666666666666669, 0.3444444444444445, 0.8000000000000002, 9, 0, 1, 0, 0, 1, 0, 1, 1, 0, 0.3333333333333333, 1, 0.3, 1, 0.3333333333333333, 0.6666666666666665, 0.4, 0.6000000000000001
33, 0.0023809523809523725, 0.3063492063492068, 0.8888888888888888, 9, 0, 1, 0, 0, 1, 0, 1, 0, 1, 0.3, 1, 0.2857142857142857, 1, 0.3333333333333333, 0.6666666666666665
34, 0.006709956709956735, 0.3004841037099098, 0.8211469534050171, 9, 0, 1, 0, 0, 1, 0, 0, 1, 1, 0.2857142857142857, 1, 0.2727272727272727, 1, 0.3, 0.6999999999999997, 0.3333333333333333, 0.6666666666666665
35, 0.015909090909090914, 0.25519480519480525, 0.8738095238095236, 9, 0, 1, 0, 0, 1, 0, 0, 1, 0, 0.2727272727272727, 1, 0.2, 1, 0.25, 0.75, 0.3, 0.6999999999999997
36, 0.002777777777777782, 0.22407407407407412, 0.8425925925925924, 9, 0, 1, 0, 0, 0, 1, 0, 1, 0, 0.2, 1, 0.2222222222222222, 0.7777777777777777, 0.25, 0.75
37, 0.004040404040404039, 0.2013468013468013, 0.8925925925925926, 9, 0, 1, 0, 0, 0, 1, 0, 0, 1, 0.2, 1, 0.18181818181818182, 1, 0.2, 0.8, 0.2222222222222222, 0.7777777777777777
38, 0.001515151515151511, 0.18282828282828267, 0.9333333333333342, 9, 0, 1, 0, 0, 0, 1, 0, 0, 0, 0.18181818181818182, 1, 0.16666666666666666, 1, 0.2, 0.8
39, 0.004761904761904766, 0.1698412698412699, 0.9055555555555551, 9, 0, 1, 0, 0, 0, 0, 1, 0, 0, 0.16666666666666666, 1, 0.14285714285714285, 1, 0.16666666666666666, 0.8333333333333333, 0.2, 0.8
40, 0.0063492063492063475, 0.13187830687830684, 0.9282407407407411, 9, 0, 1, 0, 0, 0, 0, 0, 1, 0, 0.14285714285714285, 1, 0.1, 1, 0.1111111111111111, 0.8888888888888888, 0.16666666666666666, 0.8333333333333333
41, 0.0010101010101010166, 0.10067340067340046, 0.9462962962962946, 9, 0, 1, 0, 0, 0, 0, 0, 0, 1, 0.1, 1, 0.09090909090909091, 1, 0.1, 0.8999999999999999, 0.1111111111111111, 0.8888888888888888
42, 0.004545454545454547, 0.0636363636363636, 0.9666666666666667, 9, 0, 1, 0, 0, 0, 0, 0, 0, 0, 0.09090909090909091, 1, 0, 1, 0.1, 0.8999999999999999
43, 0.007142857142857131, 0.44285714285714434, 0.7380952380952378, 9, 0, 1, 0, 1, 0, 1, 0, 2, 0, 0.5, 0.5, 0.4, 1, 0.42857142857142855, 0.7142857142857144
44, 0.0076298701298701255, 0.39474302293451197, 0.8914640324214794, 9, 0, 1, 0, 1, 0, 1, 0, 1, 1, 0.4, 1, 0.36363636363636365, 1, 0.375, 0.875, 0.42857142857142855, 0.7142857142857144
45, 0.0018939393939393923, 0.35732323232323265, 0.9583333333333346, 9, 0, 1, 0, 1, 0, 1, 0, 1, 0, 0.36363636363636365, 1, 0.3333333333333333, 1, 0.375, 0.875
46, 0.0071428571428571175, 0.4428571428571433, 0.8333333333333346, 9, 0, 1, 0, 1, 1, 0, 0, 2, 0, 0.5, 0.5, 0.42857142857142855, 1, 0.4, 1
47, 0.006493506493506496, 0.46103896103895947, 0.8333333333333334, 9, 0, 1, 0, 1, 1, 0, 1, 1, 0, 0.5, 0.5, 0.45454545454545453, 1, 0.42857142857142855, 1
48, 0.022727272727272735, 0.5000000000000002, 0.757575757575758, 9, 0, 1, 0, 1, 1, 0, 1, 1, 1, 0.5, 0.5, 0.5454545454545454, 0.5454545454545454, 0.5, 1, 0.45454545454545453, 1
49, 0.006493506493506496, 0.5389610389610376, 0.7056277056277044, 9, 0, 1, 0, 1, 1, 0, 1, 2, 0, 0.5454545454545454, 0.5454545454545454, 0.5714285714285714, 0.5714285714285714, 0.5, 1
50, 0.009920634920634913, 0.5478835978835983, 0.7923280423280427, 9, 0, 1, 0, 1, 1, 1, 0, 2, 0, 0.5714285714285714, 0.5714285714285714, 0.5833333333333334, 0.5833333333333334, 0.5555555555555556, 0.8888888888888884, 0.5, 1
51, 0.009722222222222215, 0.5895502645502656, 0.7197089947089949, 9, 0, 1, 0, 1, 1, 1, 0, 2, 1, 0.5833333333333334, 0.5833333333333334, 0.625, 0.625, 0.6, 0.8000000000000007, 0.5555555555555556, 0.8888888888888884
52, 0.002272727272727315, 0.6204545454545387, 0.707954545454541, 9, 0, 1, 0, 1, 1, 1, 1, 1, 1, 0.625, 0.625, 0.6363636363636364, 0.6363636363636364, 0.625, 0.75, 0.6, 0.8000000000000007
53, 0.0018939393939393923, 0.642676767676768, 0.6843434343434346, 9, 0, 1, 0, 1, 1, 1, 1, 2, 0, 0.6363636363636364, 0.6363636363636364, 0.6666666666666666, 0.6666666666666666, 0.625, 0.75
54, 0.004166666666666624, 0.6305555555555562, 0.8055555555555581, 9, 0, 1, 1, 0, 1, 1, 1, 2, 0, 0.6666666666666666, 0.6666666666666666, 0.6, 1, 0.625, 0.75
55, 0.005357142857142838, 0.5988095238095247, 0.8944444444444458, 9, 0, 1, 1, 0, 1, 1, 1, 1, 1, 0.6, 1, 0.5714285714285714, 1, 0.6, 0.8000000000000007, 0.625, 0.75
56, 0.0046176046176046315, 0.569979557479557, 0.9171296296296275, 9, 0, 1, 1, 0, 1, 1, 0, 2, 1, 0.5714285714285714, 1, 0.5454545454545454, 1, 0.5555555555555556, 0.8888888888888884, 0.6, 0.8000000000000007
57, 0.0025252525252525415, 0.5336700336700332, 0.9629629629629616, 9, 0, 1, 1, 0, 1, 1, 0, 2, 0, 0.5454545454545454, 1, 0.5, 1, 0.5555555555555556, 0.8888888888888884
58, 0.006060606060606072, 0.6343434343434341, 0.8888888888888884, 9, 0, 1, 1, 0, 2, 0, 1, 2, 0, 0.6666666666666666, 0.6666666666666666, 0.6363636363636364, 1, 0.6, 1
59, 0.012987012987012991, 0.6724386724386732, 0.8306878306878314, 9, 0, 1, 1, 0, 2, 0, 1, 2, 1, 0.6666666666666666, 0.6666666666666666, 0.7142857142857143, 0.7142857142857143, 0.6666666666666666, 1, 0.6363636363636364, 1
60, 0.0043290043290042934, 0.7027417027417026, 0.8376623376623366, 9, 0, 1, 1, 0, 2, 1, 0, 2, 1, 0.7142857142857143, 0.7142857142857143, 0.7272727272727273, 0.7272727272727273, 0.7142857142857143, 0.8571428571428568, 0.6666666666666666, 1
61, 0.0016233766233766378, 0.7305194805194792, 0.7781385281385272, 9, 0, 1, 1, 0, 2, 1, 0, 3, 0, 0.7272727272727273, 0.7272727272727273, 0.75, 0.75, 0.7142857142857143, 0.8571428571428568
62, 0.0035714285714285587, 0.7214285714285735, 0.8928571428571425, 9, 0, 1, 1, 1, 1, 1, 0, 3, 0, 0.75, 0.75, 0.7142857142857143, 1, 0.7, 1, 0.7142857142857143, 0.8571428571428568
63, 0.002380952380952428, 0.6936507936507906, 0.9523809523809462, 9, 0, 1, 1, 1, 1, 1, 0, 2, 1, 0.7, 1, 0.6666666666666666, 1, 0.7142857142857143, 0.8571428571428568
64, 0.0016233766233766378, 0.7305194805194792, 0.9166666666666666, 9, 0, 1, 1, 1, 1, 1, 1, 2, 0, 0.75, 0.75, 0.7272727272727273, 1, 0.7142857142857143, 1
65, 0.015909090909090873, 0.7720779220779225, 0.8906926406926414, 9, 0, 1, 1, 1, 1, 1, 1, 2, 1, 0.75, 0.75, 0.8181818181818182, 0.8181818181818182, 0.8, 1, 0.7272727272727273, 1
66, 0.001515151515151525, 0.8171717171717133, 0.8838383838383861, 9, 0, 1, 1, 1, 1, 1, 1, 3, 0, 0.8181818181818182, 0.8181818181818182, 0.8333333333333334, 0.8333333333333334, 0.8, 1
67, 0.001515151515151525, 0.8171717171717194, 0.9444444444444383, 9, 0, 1, 1, 1, 2, 0, 1, 3, 0, 0.8333333333333334, 0.8333333333333334, 0.8181818181818182, 1, 0.8, 1
68, 0.00324675324675322, 0.8362193362193384, 0.9153439153439189, 9, 0, 1, 1, 1, 2, 0, 1, 3, 1, 0.8333333333333334, 0.8333333333333334, 0.8571428571428571, 0.8571428571428571, 0.8333333333333334, 1, 0.8181818181818182, 1
69, 0.0029761904761904656, 0.8551587301587315, 0.9345238095238086, 9, 0, 1, 1, 1, 2, 1, 0, 3, 1, 0.8571428571428571, 0.8571428571428571, 0.875, 0.875, 0.8571428571428571, 1, 0.8333333333333334, 1
70, 0.004383116883116933, 0.8841149591149556, 0.9465488215488194, 9, 0, 1, 1, 1, 2, 1, 1, 2, 1, 0.875, 0.875, 0.9090909090909091, 0.9090909090909091, 0.9, 1, 0.8571428571428571, 1
71, 0.0007575757575757347, 0.9085858585858655, 0.9570707070707152, 9, 0, 1, 1, 1, 2, 1, 1, 3, 0, 0.9090909090909091, 0.9090909090909091, 0.9166666666666666, 0.9166666666666666, 0.9090909090909091, 1, 0.9, 1
72, 0.0037878787878787845, 0.9419191919191933, 0.9722222222222227, 9, 0, 1, 1, 1, 2, 1, 1, 3, 1, 0.9166666666666666, 0.9166666666666666, 1, 1, 0.9090909090909091, 1
73, 0.003787878787878788, 0.05808080808080809, 0.027777777777777776, 9, 1, 0, 0, 0, 0, 0, 0, 0, 0, 0, 0, 0.09090909090909091, 0, 0.08333333333333333, 0.08333333333333333
74, 0.0007575757575757581, 0.0914141414141414, 0.04292929292929293, 9, 1, 0, 0, 0, 0, 0, 0, 0, 1, 0.09090909090909091, 0, 0.1, 0, 0.09090909090909091, 0.09090909090909091, 0.08333333333333333, 0.08333333333333333
75, 0.004383116883116882, 0.11588504088504087, 0.05345117845117845, 9, 1, 0, 0, 0, 0, 0, 0, 1, 0, 0.1, 0, 0.14285714285714285, 0, 0.125, 0.125, 0.09090909090909091, 0.09090909090909091
76, 0.002976190476190476, 0.1448412698412699, 0.06547619047619045, 9, 1, 0, 0, 0, 0, 0, 1, 0, 0, 0.14285714285714285, 0, 0.16666666666666666, 0, 0.14285714285714285, 0.14285714285714285, 0.125, 0.125
77, 0.003246753246753248, 0.1637806637806638, 0.08465608465608464, 9, 1, 0, 0, 0, 0, 1, 0, 0, 0, 0.16666666666666666, 0, 0.18181818181818182, 0, 0.16666666666666666, 0.16666666666666666, 0.14285714285714285, 0.14285714285714285
78, 0.0015151515151515145, 0.1828282828282828, 0.05555555555555555, 9, 1, 0, 0, 0, 0, 1, 0, 0, 1, 0.18181818181818182, 0, 0.2, 0, 0.16666666666666666, 0.16666666666666666
79, 0.001515151515151518, 0.18282828282828278, 0.11616161616161609, 9, 1, 0, 0, 0, 1, 0, 0, 0, 1, 0.2, 0, 0.18181818181818182, 0.18181818181818182, 0.16666666666666666, 0.16666666666666666
80, 0.015909090909090904, 0.22792207792207794, 0.10930735930735931, 9, 1, 0, 0, 0, 1, 0, 0, 1, 0, 0.2, 0, 0.2727272727272727, 0, 0.25, 0.25, 0.18181818181818182, 0.18181818181818182
81, 0.001623376623376624, 0.2694805194805188, 0.08333333333333333, 9, 1, 0, 0, 0, 1, 0, 0, 1, 1, 0.2727272727272727, 0, 0.2857142857142857, 0, 0.25, 0.25
82, 0.0035714285714285726, 0.27857142857142825, 0.10714285714285693, 9, 1, 0, 0, 0, 1, 0, 1, 0, 1, 0.2857142857142857, 0, 0.3, 0, 0.2857142857142857, 0.1428571428571428, 0.25, 0.25
83, 0.0023809523809523794, 0.30634920634920665, 0.047619047619047596, 9, 1, 0, 0, 0, 1, 0, 1, 1, 0, 0.3, 0, 0.3333333333333333, 0, 0.2857142857142857, 0.1428571428571428
84, 0.004329004329004335, 0.29725829725829733, 0.16233766233766223, 9, 1, 0, 0, 1, 0, 0, 1, 1, 0, 0.3333333333333333, 0, 0.2857142857142857, 0.2857142857142857, 0.2727272727272727, 0.2727272727272727, 0.2857142857142857, 0.1428571428571428
85, 0.0016233766233766204, 0.26948051948051943, 0.22186147186147195, 9, 1, 0, 0, 1, 0, 0, 1, 0, 1, 0.2727272727272727, 0.2727272727272727, 0.25, 0.25, 0.2857142857142857, 0.1428571428571428
86, 0.012987012987012991, 0.3275613275613276, 0.16931216931216928, 9, 1, 0, 0, 1, 0, 1, 0, 1, 0, 0.3333333333333333, 0, 0.36363636363636365, 0, 0.3333333333333333, 0.3333333333333333, 0.2857142857142857, 0.2857142857142857
87, 0.006060606060606058, 0.3656565656565656, 0.1111111111111111, 9, 1, 0, 0, 1, 0, 1, 0, 1, 1, 0.36363636363636365, 0, 0.4, 0, 0.3333333333333333, 0.3333333333333333
88, 0.004166666666666666, 0.3694444444444451, 0.19444444444444492, 9, 1, 0, 0, 1, 1, 0, 0, 1, 1, 0.4, 0, 0.375, 0.25, 0.3333333333333333, 0.3333333333333333
89, 0.005357142857142859, 0.4011904761904755, 0.10555555555555571, 9, 1, 0, 0, 1, 1, 0, 0, 2, 0, 0.4, 0, 0.42857142857142855, 0, 0.4, 0.20000000000000018, 0.375, 0.25
90, 0.004617604617604611, 0.43002044252044297, 0.08287037037037019, 9, 1, 0, 0, 1, 1, 0, 1, 1, 0, 0.42857142857142855, 0, 0.45454545454545453, 0, 0.4444444444444444, 0.11111111111111072, 0.4, 0.20000000000000018
91, 0.0025252525252525172, 0.46632996632996576, 0.03703703703703693, 9, 1, 0, 0, 1, 1, 0, 1, 1, 1, 0.45454545454545453, 0, 0.5, 0, 0.4444444444444444, 0.11111111111111072
92, 0.009920634920634941, 0.4521164021164022, 0.20767195767195726, 9, 1, 0, 1, 0, 1, 0, 1, 1, 1, 0.5, 0, 0.42857142857142855, 0.42857142857142855, 0.4166666666666667, 0.4166666666666667, 0.4444444444444444, 0.11111111111111072
93, 0.009722222222222202, 0.41044973544973573, 0.28029100529100565, 9, 1, 0, 1, 0, 1, 0, 1, 1, 0, 0.4166666666666667, 0.4166666666666667, 0.375, 0.375, 0.4, 0.20000000000000018, 0.4444444444444444, 0.11111111111111072
94, 0.0022727272727272874, 0.3795454545454537, 0.29204545454545394, 9, 1, 0, 1, 0, 1, 0, 0, 2, 0, 0.375, 0.375, 0.36363636363636365, 0.36363636363636365, 0.375, 0.25, 0.4, 0.20000000000000018
95, 0.0018939393939393853, 0.3573232323232333, 0.3156565656565665, 9, 1, 0, 1, 0, 1, 0, 0, 1, 1, 0.36363636363636365, 0.36363636363636365, 0.3333333333333333, 0.3333333333333333, 0.375, 0.25
96, 0.006493506493506496, 0.4610389610389609, 0.29437229437229423, 9, 1, 0, 1, 0, 1, 1, 0, 1, 1, 0.5, 0, 0.45454545454545453, 0.45454545454545453, 0.42857142857142855, 0.42857142857142855
97, 0.02272727272727272, 0.5000000000000001, 0.2424242424242425, 9, 1, 0, 1, 0, 1, 1, 0, 2, 0, 0.5, 0, 0.5454545454545454, 0, 0.5, 0.5, 0.45454545454545453, 0.45454545454545453
98, 0.006493506493506496, 0.5389610389610376, 0.16666666666666666, 9, 1, 0, 1, 0, 1, 1, 0, 2, 1, 0.5454545454545454, 0, 0.5714285714285714, 0, 0.5, 0.5
99, 0.007142857142857145, 0.5571428571428585, 0.16666666666666666, 9, 1, 0, 1, 0, 1, 1, 1, 1, 1, 0.5714285714285714, 0, 0.6, 0, 0.5, 0.5
100, 0.007142857142857145, 0.5571428571428546, 0.2619047619047611, 9, 1, 0, 1, 0, 2, 0, 1, 1, 1, 0.6, 0, 0.5714285714285714, 0.2857142857142856, 0.5, 0.5
101, 0.007629870129870139, 0.6052569770654875, 0.10853596757852066, 9, 1, 0, 1, 0, 2, 0, 1, 2, 0, 0.6, 0, 0.6363636363636364, 0, 0.625, 0.125, 0.5714285714285714, 0.2857142857142856
102, 0.0018939393939393923, 0.6426767676767667, 0.041666666666666664, 9, 1, 0, 1, 0, 2, 0, 1, 2, 1, 0.6363636363636364, 0, 0.6666666666666666, 0, 0.625, 0.125
103, 0.004166666666666673, 0.6305555555555555, 0.1750000000000001, 9, 1, 0, 1, 1, 1, 0, 1, 2, 1, 0.6666666666666666, 0, 0.6, 0.40000000000000036, 0.625, 0.125
104, 0.008531746031746043, 0.5901962593823065, 0.309859111603298, 9, 1, 0, 1, 1, 1, 0, 1, 2, 0, 0.6, 0.40000000000000036, 0.5555555555555556, 0.44444444444444464, 0.5714285714285714, 0.2857142857142856, 0.625, 0.125
105, 0.003968253968253982, 0.542328042328042, 0.4100529100529103, 9, 1, 0, 1, 1, 1, 0, 1, 1, 1, 0.5555555555555556, 0.44444444444444464, 0.5, 0.5, 0.5714285714285714, 0.2857142857142856
106, 0.016666666666666635, 0.655555555555556, 0.2, 9, 1, 0, 1, 1, 1, 1, 0, 2, 1, 0.6666666666666666, 0, 0.7, 0, 0.6666666666666666, 0.33333333333333304, 0.6, 0.40000000000000036
107, 0.0023809523809523864, 0.6936507936507931, 0.11111111111111047, 9, 1, 0, 1, 1, 1, 1, 0, 3, 0, 0.7, 0, 0.7142857142857143, 0, 0.6666666666666666, 0.33333333333333304
108, 0.00670995670995668, 0.6995158962900895, 0.17885304659498166, 9, 1, 0, 1, 1, 1, 1, 1, 2, 0, 0.7142857142857143, 0, 0.7272727272727273, 0, 0.7, 0.29999999999999893, 0.6666666666666666, 0.33333333333333304
109, 0.0159090909090909, 0.744805194805195, 0.12619047619047605, 9, 1, 0, 1, 1, 1, 1, 1, 2, 1, 0.7272727272727273, 0, 0.8, 0, 0.75, 0.25, 0.7, 0.29999999999999893
110, 0.002777777777777754, 0.7759259259259266, 0.15740740740740744, 9, 1, 0, 1, 1, 2, 0, 1, 2, 1, 0.8, 0, 0.7777777777777778, 0.22222222222222143, 0.75, 0.25
111, 0.0040404040404040525, 0.798653198653195, 0.10740740740740737, 9, 1, 0, 1, 1, 2, 0, 1, 3, 0, 0.8, 0, 0.8181818181818182, 0, 0.8, 0.20000000000000018, 0.7777777777777778, 0.22222222222222143
112, 0.001515151515151511, 0.8171717171717208, 0.06666666666666651, 9, 1, 0, 1, 1, 2, 0, 1, 3, 1, 0.8181818181818182, 0, 0.8333333333333334, 0, 0.8, 0.20000000000000018
113, 0.004761904761904745, 0.8301587301587303, 0.09444444444444434, 9, 1, 0, 1, 1, 2, 1, 0, 3, 1, 0.8333333333333334, 0, 0.8571428571428571, 0, 0.8333333333333334, 0.16666666666666607, 0.8, 0.20000000000000018
114, 0.006349206349206327, 0.868121693121692, 0.07175925925925886, 9, 1, 0, 1, 1, 2, 1, 1, 2, 1, 0.8571428571428571, 0, 0.9, 0, 0.8888888888888888, 0.11111111111111072, 0.8333333333333334, 0.16666666666666607
115, 0.0010101010101010027, 0.8993265993266016, 0.0537037037037038, 9, 1, 0, 1, 1, 2, 1, 1, 3, 0, 0.9, 0, 0.9090909090909091, 0, 0.9, 0.09999999999999964, 0.8888888888888888, 0.11111111111111072
116, 0.004545454545454533, 0.9363636363636358, 0.033333333333333194, 9, 1, 0, 1, 1, 2, 1, 1, 3, 1, 0.9090909090909091, 0, 1, 0, 0.9, 0.09999999999999964
117, 0.005555555555555536, 0.9296296296296297, 0.1074074074074071, 9, 1, 1, 0, 1, 2, 1, 1, 3, 1, 1, 0, 0.8888888888888888, 0.22222222222222143, 0.9, 0.09999999999999964
118, 0.001388888888888884, 0.8879629629629613, 0.172222222222222, 9, 1, 1, 0, 1, 2, 1, 1, 3, 0, 0.8888888888888888, 0.22222222222222143, 0.875, 0.25, 0.8888888888888888, 0.11111111111111072, 0.9, 0.09999999999999964
119, 0.00972222222222225, 0.8466931216931225, 0.23783068783068778, 9, 1, 1, 0, 1, 2, 1, 1, 2, 1, 0.875, 0.25, 0.8, 0.40000000000000036, 0.8333333333333334, 0.16666666666666607, 0.8888888888888888, 0.11111111111111072
120, 0.005555555555555564, 0.803703703703702, 0.2925925925925926, 9, 1, 1, 0, 1, 2, 1, 0, 3, 1, 0.8, 0.40000000000000036, 0.7777777777777778, 0.44444444444444287, 0.8, 0.20000000000000018, 0.8333333333333334, 0.16666666666666607
121, 0.0027777777777777263, 0.7759259259259277, 0.38148148148148137, 9, 1, 1, 0, 1, 2, 1, 0, 3, 0, 0.7777777777777778, 0.44444444444444287, 0.75, 0.5, 0.8, 0.20000000000000018
122, 0.0027777777777778095, 0.7759259259259277, 0.3074074074074061, 9, 1, 1, 0, 1, 2, 0, 1, 3, 0, 0.75, 0.5, 0.7777777777777778, 0.22222222222222143, 0.8, 0.20000000000000018
123, 0.013888888888888881, 0.7314814814814818, 0.43518518518518534, 9, 1, 1, 0, 1, 2, 0, 1, 2, 1, 0.75, 0.5, 0.6666666666666666, 0.6666666666666666, 0.75, 0.25, 0.7777777777777778, 0.22222222222222143
124, 0.008333333333333415, 0.7055555555555535, 0.40555555555555506, 9, 1, 1, 0, 1, 1, 1, 1, 2, 1, 0.6666666666666666, 0.6666666666666666, 0.7, 0.29999999999999893, 0.75, 0.25
125, 0.010606060606060619, 0.6676767676767678, 0.48672438672438584, 9, 1, 1, 0, 1, 1, 1, 1, 2, 0, 0.6666666666666666, 0.6666666666666666, 0.6363636363636364, 0.6363636363636364, 0.6666666666666666, 0.33333333333333304, 0.7, 0.29999999999999893
126, 0.0018939393939393923, 0.6426767676767692, 0.5315656565656572, 9, 1, 1, 0, 1, 1, 1, 1, 1, 1, 0.6363636363636364, 0.6363636363636364, 0.625, 0.625, 0.6666666666666666, 0.33333333333333304
127, 0.01249999999999997, 0.6212962962962965, 0.4805555555555556, 9, 1, 1, 0, 1, 1, 1, 0, 2, 1, 0.625, 0.625, 0.5833333333333334, 0.5833333333333334, 0.6, 0.40000000000000036, 0.6666666666666666, 0.33333333333333304
128, 0.001190476190476214, 0.5849206349206338, 0.5182539682539644, 9, 1, 1, 0, 1, 1, 1, 0, 2, 0, 0.5833333333333334, 0.5833333333333334, 0.5714285714285714, 0.5714285714285714, 0.6, 0.40000000000000036
129, 0.00461760461760459, 0.5699795574795576, 0.4871091871091879, 9, 1, 1, 0, 1, 1, 0, 1, 2, 0, 0.5714285714285714, 0.5714285714285714, 0.5454545454545454, 0.5454545454545454, 0.5555555555555556, 0.44444444444444464, 0.6, 0.40000000000000036
130, 0.0025252525252525276, 0.5336700336700325, 0.4966329966329961, 9, 1, 1, 0, 1, 1, 0, 1, 1, 1, 0.5454545454545454, 0.5454545454545454, 0.5, 0.5, 0.5555555555555556, 0.44444444444444464
131, 0.006944444444444503, 0.921296296296297, 0.19907407407407393, 9, 1, 1, 1, 0, 2, 1, 1, 3, 1, 1, 0, 0.875, 0.375, 0.8888888888888888, 0.22222222222222143
132, 0.001984126984126991, 0.8736772486772449, 0.32109788359788344, 9, 1, 1, 1, 0, 2, 1, 1, 3, 0, 0.875, 0.375, 0.8571428571428571, 0.4285714285714288, 0.875, 0.25, 0.8888888888888888, 0.22222222222222143
133, 0.0160714285714285, 0.8162698412698419, 0.47063492063492085, 9, 1, 1, 1, 0, 2, 1, 1, 2, 1, 0.8571428571428571, 0.4285714285714288, 0.75, 0.75, 0.8, 0.40000000000000036, 0.875, 0.25
134, 0.002777777777777851, 0.775925925925926, 0.5314814814814821, 9, 1, 1, 1, 0, 2, 1, 0, 3, 1, 0.75, 0.75, 0.7777777777777778, 0.44444444444444287, 0.8, 0.40000000000000036
135, 0.006313131313131354, 0.7516835016834996, 0.6072390572390549, 9, 1, 1, 1, 0, 2, 1, 0, 3, 0, 0.75, 0.75, 0.7272727272727273, 0.7272727272727273, 0.75, 0.5, 0.7777777777777778, 0.44444444444444287
136, 0.00162337662337661, 0.7305194805194802, 0.6471861471861484, 9, 1, 1, 1, 0, 2, 1, 0, 2, 1, 0.7272727272727273, 0.7272727272727273, 0.7142857142857143, 0.7142857142857143, 0.75, 0.5
137, 0.005952380952380931, 0.710317460317463, 0.6269841269841289, 9, 1, 1, 1, 0, 2, 0, 1, 2, 1, 0.7142857142857143, 0.7142857142857143, 0.6666666666666666, 0.6666666666666666, 0.75, 0.5
138, 0.020833333333333315, 0.9027777777777785, 0.402777777777778, 9, 1, 1, 1, 1, 1, 1, 1, 3, 1, 1, 0, 0.8333333333333334, 0.8333333333333334, 0.875, 0.375
139, 0.006222943722943741, 0.8452773072338277, 0.6227100194491488, 9, 1, 1, 1, 1, 1, 1, 1, 3, 0, 0.8333333333333334, 0.8333333333333334, 0.8181818181818182, 0.8181818181818182, 0.8571428571428571, 0.4285714285714288, 0.875, 0.375
140, 0.01461038961038963, 0.8084415584415584, 0.6655844155844155, 9, 1, 1, 1, 1, 1, 1, 1, 2, 1, 0.8181818181818182, 0.8181818181818182, 0.75, 0.75, 0.8571428571428571, 0.4285714285714288
141, 0.011904761904761862, 0.8968253968253982, 0.5634920634920633, 9, 1, 1, 1, 1, 2, 0, 1, 3, 1, 1, 0, 0.8571428571428571, 0.8571428571428571, 0.8333333333333334, 0.8333333333333334
142, 0.008928571428571452, 0.9107142857142835, 0.5773809523809522, 9, 1, 1, 1, 1, 2, 1, 0, 3, 1, 1, 0, 0.875, 0.875, 0.8571428571428571, 0.8571428571428571
143, 0.01704545454545453, 0.9280303030303038, 0.5946969696969694, 9, 1, 1, 1, 1, 2, 1, 1, 2, 1, 1, 0, 0.9090909090909091, 0.9090909090909091, 0.875, 0.875
144, 0.0037878787878787845, 0.9419191919191823, 0.6085858585858587, 9, 1, 1, 1, 1, 2, 1, 1, 3, 0, 1, 0, 0.9166666666666666, 0.9166666666666666, 0.9090909090909091, 0.9090909090909091
145, 0.041666666666666685, 0.9722222222222228, 0.638888888888889, 9, 1, 1, 1, 1, 2, 1, 1, 3, 1, 1, 0, 1, 1, 0.9166666666666666, 0.9166666666666666
