nr, area, centroidx, centroidy, numBars, pixPerBar0, ..., pixPerBarN, vertex1x, vertex1y, vertex2x, ...
0, 0.041666666666666664, 0.027777777777777776, 0.36111111111111105, 9, 0, 0, 0, 0, 0, 0, 0, 0, 0, 0, 0, 0.08333333333333333, 0.08333333333333333, 0, 1
1, 0.0037878787878787915, 0.05808080808080805, 0.3914141414141412, 9, 0, 0, 0, 0, 0, 0, 0, 0, 1, 0.08333333333333333, 0.08333333333333333, 0.09090909090909091, 0.09090909090909091, 0, 1
2, 0.004545454545454547, 0.06363636363636367, 0.39696969696969775, 9, 0, 0, 0, 0, 0, 0, 0, 1, 0, 0.09090909090909091, 0.09090909090909091, 0.1, 0.1, 0, 1
3, 0.00555555555555555, 0.07037037037037036, 0.4037037037037035, 9, 0, 0, 0, 0, 0, 0, 1, 0, 0, 0.1, 0.1, 0.1111111111111111, 0.1111111111111111, 0, 1
4, 0.0069444444444444475, 0.07870370370370368, 0.41203703703703703, 9, 0, 0, 0, 0, 0, 1, 0, 0, 0, 0.1111111111111111, 0.1111111111111111, 0.125, 0.125, 0, 1
5, 0.008928571428571425, 0.0892857142857143, 0.42261904761904756, 9, 0, 0, 0, 0, 1, 0, 0, 0, 0, 0.125, 0.125, 0.14285714285714285, 0.14285714285714285, 0, 1
6, 0.023809523809523808, 0.10317460317460321, 0.48412698412698424, 9, 0, 0, 0, 1, 0, 0, 0, 0, 0, 0.14285714285714285, 0.14285714285714285, 0.16666666666666666, 0.16666666666666666, 0.14285714285714285, 0.4285714285714286, 0, 1
7, 0.003246753246753248, 0.1637806637806638, 0.2775372775372775, 9, 0, 0, 0, 1, 0, 0, 0, 0, 1, 0.16666666666666666, 0.16666666666666666, 0.18181818181818182, 0.18181818181818182, 0.16666666666666666, 0.33333333333333326, 0.14285714285714285, 0.4285714285714286
8, 0.0015151515151515145, 0.1828282828282828, 0.23838383838383817, 9, 0, 0, 0, 1, 0, 0, 0, 1, 0, 0.18181818181818182, 0.18181818181818182, 0.2, 0.2, 0.16666666666666666, 0.33333333333333326
9, 0.007738095238095242, 0.16022588522588524, 0.48638583638583577, 9, 0, 0, 1, 0, 0, 0, 0, 1, 0, 0.2, 0.2, 0.14285714285714285, 0.7142857142857142, 0.125, 0.75, 0.16666666666666666, 0.33333333333333326
10, 0.0049603174603174705, 0.13743386243386224, 0.5632275132275125, 9, 0, 0, 1, 0, 0, 0, 0, 0, 1, 0.125, 0.75, 0.1111111111111111, 0.7777777777777777, 0.14285714285714285, 0.4285714285714286, 0.16666666666666666, 0.33333333333333326
11, 0.015873015873015858, 0.08465608465608465, 0.7354497354497356, 9, 0, 0, 1, 0, 0, 0, 0, 0, 0, 0.1111111111111111, 0.7777777777777777, 0, 1, 0.14285714285714285, 0.4285714285714286
12, 0.010317460317460315, 0.18408628408628405, 0.43866503866503886, 9, 0, 0, 1, 0, 0, 0, 1, 0, 0, 0.2, 0.2, 0.2222222222222222, 0.2222222222222222, 0.16666666666666666, 0.6666666666666667, 0.14285714285714285, 0.7142857142857142
13, 0.011111111111111113, 0.2101851851851854, 0.4268518518518521, 9, 0, 0, 1, 0, 0, 1, 0, 0, 0, 0.2222222222222222, 0.2222222222222222, 0.25, 0.25, 0.2, 0.6000000000000001, 0.16666666666666666, 0.6666666666666667
14, 0.002777777777777775, 0.22407407407407387, 0.46851851851851917, 9, 0, 0, 1, 0, 1, 0, 0, 0, 0, 0.25, 0.25, 0.2222222222222222, 0.5555555555555554, 0.2, 0.6000000000000001
15, 0.006313131313131312, 0.24831649831649838, 0.3927609427609429, 9, 0, 0, 1, 0, 1, 0, 0, 0, 1, 0.25, 0.25, 0.2727272727272727, 0.2727272727272727, 0.25, 0.5, 0.2222222222222222, 0.5555555555555554
16, 0.001623376623376624, 0.2694805194805188, 0.3528138528138522, 9, 0, 0, 1, 0, 1, 0, 0, 1, 0, 0.2727272727272727, 0.2727272727272727, 0.2857142857142857, 0.2857142857142857, 0.25, 0.5
17, 0.0035714285714285657, 0.2785714285714288, 0.3857142857142858, 9, 0, 0, 1, 1, 0, 0, 0, 1, 0, 0.2857142857142857, 0.2857142857142857, 0.3, 0.3, 0.2857142857142857, 0.4285714285714284, 0.25, 0.5
18, 0.0023809523809523794, 0.30634920634920665, 0.35396825396825354, 9, 0, 0, 1, 1, 0, 0, 1, 0, 0, 0.3, 0.3, 0.3333333333333333, 0.3333333333333333, 0.2857142857142857, 0.4285714285714284
19, 0.019841269841269854, 0.2748677248677247, 0.6761904761904761, 9, 0, 1, 0, 1, 0, 0, 1, 0, 0, 0.3333333333333333, 0.3333333333333333, 0.25, 1, 0.2222222222222222, 1, 0.2857142857142857, 0.4285714285714284
20, 0.013492063492063486, 0.24088079676314958, 0.7212885154061623, 9, 0, 1, 0, 1, 0, 0, 0, 1, 0, 0.2222222222222222, 1, 0.2, 1, 0.25, 0.5, 0.2857142857142857, 0.4285714285714284
21, 0.0068181818181818205, 0.21060606060606085, 0.8111111111111107, 9, 0, 1, 0, 1, 0, 0, 0, 0, 1, 0.2, 1, 0.18181818181818182, 1, 0.2, 0.7999999999999998, 0.25, 0.5
22, 0.001515151515151525, 0.18282828282828215, 0.9333333333333318, 9, 0, 1, 0, 1, 0, 0, 0, 0, 0, 0.18181818181818182, 1, 0.16666666666666666, 1, 0.2, 0.7999999999999998
23, 0.005952380952380931, 0.28968253968254093, 0.7301587301587315, 9, 0, 1, 0, 1, 0, 1, 0, 0, 0, 0.3333333333333333, 0.3333333333333333, 0.2857142857142857, 0.8571428571428572, 0.25, 1
24, 0.012987012987012991, 0.3275613275613276, 0.555074555074555, 9, 0, 1, 0, 1, 0, 1, 0, 0, 1, 0.3333333333333333, 0.3333333333333333, 0.36363636363636365, 0.36363636363636365, 0.3333333333333333, 0.6666666666666665, 0.2857142857142857, 0.8571428571428572
25, 0.0018939393939393923, 0.3573232323232308, 0.4684343434343427, 9, 0, 1, 0, 1, 0, 1, 0, 1, 0, 0.36363636363636365, 0.36363636363636365, 0.375, 0.375, 0.3333333333333333, 0.6666666666666665
26, 0.004166666666666666, 0.3694444444444451, 0.4805555555555553, 9, 0, 1, 0, 1, 1, 0, 0, 1, 0, 0.375, 0.375, 0.4, 0.4, 0.3333333333333333, 0.6666666666666665
27, 0.010317460317460302, 0.18408628408628425, 0.7988603988603994, 9, 0, 1, 0, 0, 1, 0, 0, 0, 0, 0.16666666666666666, 1, 0.14285714285714285, 1, 0.2, 0.6000000000000001, 0.2222222222222222, 0.5555555555555554, 0.2, 0.7999999999999998
28, 0.002777777777777782, 0.22407407407407393, 0.6185185185185187, 9, 0, 1, 0, 0, 1, 0, 0, 0, 1, 0.2222222222222222, 0.5555555555555554, 0.25, 0.5, 0.2, 0.7999999999999998
29, 0.007738095238095231, 0.16022588522588538, 0.8068376068376072, 9, 0, 1, 0, 0, 0, 1, 0, 0, 0, 0.14285714285714285, 1, 0.125, 1, 0.16666666666666666, 0.6666666666666667, 0.2, 0.6000000000000001
30, 0.0049603174603174635, 0.13743386243386221, 0.8380952380952382, 9, 0, 1, 0, 0, 0, 0, 1, 0, 0, 0.125, 1, 0.1111111111111111, 1, 0.14285714285714285, 0.7142857142857142, 0.16666666666666666, 0.6666666666666667
31, 0.003373015873015875, 0.12044039838157475, 0.8606442577030806, 9, 0, 1, 0, 0, 0, 0, 0, 1, 0, 0.1111111111111111, 1, 0.1, 1, 0.125, 0.75, 0.14285714285714285, 0.7142857142857142
32, 0.0023989898989899006, 0.10725234804182171, 0.8776803118908384, 9, 0, 1, 0, 0, 0, 0, 0, 0, 1, 0.1, 1, 0.09090909090909091, 1, 0.1111111111111111, 0.7777777777777777, 0.125, 0.75
33, 0.010101010101010104, 0.06734006734006734, 0.9259259259259258, 9, 0, 1, 0, 0, 0, 0, 0, 0, 0, 0.09090909090909091, 1, 0, 1, 0.1111111111111111, 0.7777777777777777
34, 0.016666666666666705, 0.3444444444444445, 0.7555555555555551, 9, 0, 1, 1, 0, 1, 0, 0, 1, 0, 0.4, 0.4, 0.3333333333333333, 1, 0.3, 1, 0.3333333333333333, 0.6666666666666665
35, 0.0023809523809523725, 0.3063492063492068, 0.8888888888888888, 9, 0, 1, 1, 0, 1, 0, 0, 0, 1, 0.3, 1, 0.2857142857142857, 1, 0.3333333333333333, 0.6666666666666665
36, 0.008333333333333304, 0.383333333333333, 0.6277777777777782, 9, 0, 1, 1, 0, 1, 0, 1, 0, 0, 0.4, 0.4, 0.4166666666666667, 0.4166666666666667, 0.4, 0.5999999999999996, 0.3333333333333333, 1
37, 0.0011904761904761724, 0.4150793650793671, 0.481746031746033, 9, 0, 1, 1, 0, 1, 0, 1, 0, 1, 0.4166666666666667, 0.4166666666666667, 0.42857142857142855, 0.42857142857142855, 0.4, 0.5999999999999996
38, 0.004329004329004335, 0.2972582972582968, 0.865079365079365, 9, 0, 1, 1, 0, 0, 1, 0, 0, 1, 0.2857142857142857, 1, 0.2727272727272727, 1, 0.2857142857142857, 0.8571428571428572, 0.3333333333333333, 0.6666666666666665
39, 0.001623376623376624, 0.26948051948051954, 0.9523809523809516, 9, 0, 1, 1, 0, 0, 1, 0, 0, 0, 0.2727272727272727, 1, 0.25, 1, 0.2857142857142857, 0.8571428571428572
40, 0.01080447330447333, 0.4034388924622647, 0.6924521468761863, 9, 0, 1, 1, 1, 0, 0, 1, 0, 1, 0.42857142857142855, 0.42857142857142855, 0.4444444444444444, 0.4444444444444444, 0.375, 1, 0.36363636363636365, 1, 0.4, 0.5999999999999996
41, 0.006060606060606072, 0.3656565656565652, 0.866666666666666, 9, 0, 1, 1, 1, 0, 0, 1, 0, 0, 0.36363636363636365, 1, 0.3333333333333333, 1, 0.4, 0.5999999999999996
42, 0.00997474747474747, 0.41453671738481845, 0.759578911477646, 9, 0, 1, 1, 1, 0, 1, 0, 0, 1, 0.4444444444444444, 0.4444444444444444, 0.45454545454545453, 0.45454545454545453, 0.4, 1, 0.375, 1
43, 0.02077922077922076, 0.44853896103896157, 0.7140151515151517, 9, 0, 1, 1, 1, 0, 1, 0, 1, 0, 0.45454545454545453, 0.45454545454545453, 0.5, 0.5, 0.42857142857142855, 1, 0.4, 1
44, 0.003968253968253982, 0.4576719576719557, 0.8333333333333321, 9, 0, 1, 1, 1, 1, 0, 0, 1, 0, 0.5, 0.5, 0.4444444444444444, 1, 0.42857142857142855, 1
45, 0.0025252525252525138, 0.4663299663299655, 0.8333333333333351, 9, 0, 1, 1, 1, 1, 0, 1, 0, 0, 0.5, 0.5, 0.45454545454545453, 1, 0.4444444444444444, 1
46, 0.022727272727272735, 0.5000000000000002, 0.757575757575758, 9, 0, 1, 1, 1, 1, 0, 1, 0, 1, 0.5, 0.5, 0.5454545454545454, 0.5454545454545454, 0.5, 1, 0.45454545454545453, 1
47, 0.0025252525252525415, 0.5336700336700323, 0.7003367003366989, 9, 0, 1, 1, 1, 1, 0, 1, 1, 0, 0.5454545454545454, 0.5454545454545454, 0.5555555555555556, 0.5555555555555556, 0.5, 1
48, 0.003968253968253954, 0.5423280423280411, 0.7089947089947078, 9, 0, 1, 1, 1, 1, 1, 0, 1, 0, 0.5555555555555556, 0.5555555555555556, 0.5714285714285714, 0.5714285714285714, 0.5, 1
49, 0.005952380952380959, 0.5515873015873014, 0.7420634920634935, 9, 0, 1, 1, 2, 0, 1, 0, 1, 0, 0.5714285714285714, 0.5714285714285714, 0.5833333333333334, 0.5833333333333334, 0.5714285714285714, 0.7142857142857144, 0.5, 1
50, 0.001190476190476214, 0.58492063492063, 0.6325396825396778, 9, 0, 1, 1, 2, 0, 1, 0, 1, 1, 0.5833333333333334, 0.5833333333333334, 0.6, 0.6, 0.5714285714285714, 0.7142857142857144
51, 0.0031746031746031356, 0.5756613756613769, 0.7582010582010604, 9, 0, 1, 2, 1, 0, 1, 0, 1, 1, 0.6, 0.6, 0.5714285714285714, 0.8571428571428568, 0.5555555555555556, 0.8888888888888884, 0.5714285714285714, 0.7142857142857144
52, 0.003968253968253926, 0.5423280423280432, 0.8677248677248705, 9, 0, 1, 2, 1, 0, 1, 0, 1, 0, 0.5555555555555556, 0.8888888888888884, 0.5, 1, 0.5714285714285714, 0.7142857142857144
53, 0.005357142857142866, 0.5988095238095259, 0.7162698412698412, 9, 0, 1, 2, 1, 0, 1, 1, 0, 1, 0.6, 0.6, 0.625, 0.625, 0.6, 0.8000000000000007, 0.5714285714285714, 0.8571428571428568
54, 0.002272727272727315, 0.6204545454545387, 0.707954545454541, 9, 0, 1, 2, 1, 1, 0, 1, 0, 1, 0.625, 0.625, 0.6363636363636364, 0.6363636363636364, 0.625, 0.75, 0.6, 0.8000000000000007
55, 0.0018939393939393923, 0.642676767676768, 0.6843434343434346, 9, 0, 1, 2, 1, 1, 0, 1, 1, 0, 0.6363636363636364, 0.6363636363636364, 0.6666666666666666, 0.6666666666666666, 0.625, 0.75
56, 0.008333333333333304, 0.6305555555555553, 0.8472222222222231, 9, 0, 2, 1, 1, 1, 0, 1, 1, 0, 0.6666666666666666, 0.6666666666666666, 0.625, 1, 0.6, 1, 0.625, 0.75
57, 0.005357142857142838, 0.5988095238095247, 0.8944444444444458, 9, 0, 2, 1, 1, 1, 0, 1, 0, 1, 0.6, 1, 0.5714285714285714, 1, 0.6, 0.8000000000000007, 0.625, 0.75
58, 0.0018939393939393923, 0.6426767676767692, 0.8888888888888905, 9, 0, 2, 1, 1, 1, 1, 0, 1, 0, 0.6666666666666666, 0.6666666666666666, 0.6363636363636364, 1, 0.625, 1
59, 0.010606060606060591, 0.6676767676767686, 0.836507936507937, 9, 0, 2, 1, 1, 1, 1, 0, 1, 1, 0.6666666666666666, 0.6666666666666666, 0.7, 0.7, 0.6666666666666666, 1, 0.6363636363636364, 1
60, 0.0023809523809524002, 0.6936507936507929, 0.8047619047619066, 9, 0, 2, 1, 1, 1, 1, 1, 0, 1, 0.7, 0.7, 0.7142857142857143, 0.7142857142857143, 0.6666666666666666, 1
61, 0.003174603174603191, 0.5756613756613741, 0.9095238095238077, 9, 0, 2, 1, 1, 0, 1, 1, 0, 1, 0.5714285714285714, 1, 0.5555555555555556, 1, 0.5714285714285714, 0.8571428571428568, 0.6, 0.8000000000000007
62, 0.0014430014430014682, 0.5574795574795565, 0.9338624338624261, 9, 0, 2, 1, 1, 0, 1, 0, 1, 1, 0.5555555555555556, 1, 0.5454545454545454, 1, 0.5555555555555556, 0.8888888888888884, 0.5714285714285714, 0.8571428571428568
63, 0.0025252525252525415, 0.5336700336700332, 0.9629629629629616, 9, 0, 2, 1, 1, 0, 1, 0, 1, 0, 0.5454545454545454, 1, 0.5, 1, 0.5555555555555556, 0.8888888888888884
64, 0.0067099567099567214, 0.6995158962900893, 0.8783689428850698, 9, 0, 2, 1, 2, 0, 1, 1, 0, 1, 0.7142857142857143, 0.7142857142857143, 0.7272727272727273, 0.7272727272727273, 0.7, 1, 0.6666666666666666, 1
65, 0.0051948051948051965, 0.7242694805194816, 0.8570075757575758, 9, 0, 2, 1, 2, 0, 1, 1, 1, 0, 0.7272727272727273, 0.7272727272727273, 0.75, 0.75, 0.7142857142857143, 1, 0.7, 1
66, 0.0016233766233766378, 0.7305194805194792, 0.9166666666666666, 9, 0, 2, 1, 2, 1, 0, 1, 1, 0, 0.75, 0.75, 0.7272727272727273, 1, 0.7142857142857143, 1
67, 0.0063131313131312705, 0.7516835016835022, 0.8759259259259269, 9, 0, 2, 1, 2, 1, 0, 1, 1, 1, 0.75, 0.75, 0.7777777777777778, 0.7777777777777778, 0.75, 1, 0.7272727272727273, 1
68, 0.002777777777777768, 0.7759259259259293, 0.8592592592592626, 9, 0, 2, 1, 2, 1, 1, 0, 1, 1, 0.7777777777777778, 0.7777777777777778, 0.8, 0.8, 0.75, 1
69, 0.0027777777777778234, 0.7759259259259238, 0.9333333333333274, 9, 0, 2, 2, 1, 1, 1, 0, 1, 1, 0.8, 0.8, 0.7777777777777778, 1, 0.75, 1
70, 0.004040404040404011, 0.7986531986531986, 0.9060606060606086, 9, 0, 2, 2, 1, 1, 1, 1, 0, 1, 0.8, 0.8, 0.8181818181818182, 0.8181818181818182, 0.8, 1, 0.7777777777777778, 1
71, 0.00303030303030305, 0.8171717171717163, 0.9141414141414121, 9, 0, 2, 2, 1, 1, 1, 1, 1, 0, 0.8181818181818182, 0.8181818181818182, 0.8333333333333334, 0.8333333333333334, 0.8181818181818182, 1, 0.8, 1
72, 0.00324675324675322, 0.8362193362193384, 0.9153439153439189, 9, 0, 2, 2, 1, 1, 1, 1, 1, 1, 0.8333333333333334, 0.8333333333333334, 0.8571428571428571, 0.8571428571428571, 0.8333333333333334, 1, 0.8181818181818182, 1
73, 0.0029761904761904656, 0.8551587301587315, 0.9345238095238086, 9, 0, 2, 2, 2, 0, 1, 1, 1, 1, 0.8571428571428571, 0.8571428571428571, 0.875, 0.875, 0.8571428571428571, 1, 0.8333333333333334, 1
74, 0.0019841269841270326, 0.8736772486772406, 0.942129629629623, 9, 0, 2, 2, 2, 1, 0, 1, 1, 1, 0.875, 0.875, 0.8888888888888888, 0.8888888888888888, 0.875, 1, 0.8571428571428571, 1
75, 0.001388888888888884, 0.8879629629629613, 0.948148148148148, 9, 0, 2, 2, 2, 1, 1, 0, 1, 1, 0.8888888888888888, 0.8888888888888888, 0.9, 0.9, 0.8888888888888888, 1, 0.875, 1
76, 0.0010101010101010166, 0.8993265993265984, 0.9530303030303026, 9, 0, 2, 2, 2, 1, 1, 1, 0, 1, 0.9, 0.9, 0.9090909090909091, 0.9090909090909091, 0.9, 1, 0.8888888888888888, 1
77, 0.0007575757575757347, 0.9085858585858655, 0.9570707070707152, 9, 0, 2, 2, 2, 1, 1, 1, 1, 0, 0.9090909090909091, 0.9090909090909091, 0.9166666666666666, 0.9166666666666666, 0.9090909090909091, 1, 0.9, 1
78, 0.0037878787878787845, 0.9419191919191933, 0.9722222222222227, 9, 0, 2, 2, 2, 1, 1, 1, 1, 1, 0.9166666666666666, 0.9166666666666666, 1, 1, 0.9090909090909091, 1
79, 0.003787878787878788, 0.05808080808080809, 0.027777777777777776, 9, 1, 0, 0, 0, 0, 0, 0, 0, 0, 0, 0, 0.09090909090909091, 0, 0.08333333333333333, 0.08333333333333333
80, 0.0007575757575757581, 0.0914141414141414, 0.04292929292929293, 9, 1, 0, 0, 0, 0, 0, 0, 0, 1, 0.09090909090909091, 0, 0.1, 0, 0.09090909090909091, 0.09090909090909091, 0.08333333333333333, 0.08333333333333333
81, 0.0010101010101010097, 0.10067340067340065, 0.046969696969696974, 9, 1, 0, 0, 0, 0, 0, 0, 1, 0, 0.1, 0, 0.1111111111111111, 0, 0.1, 0.1, 0.09090909090909091, 0.09090909090909091
82, 0.0013888888888888883, 0.11203703703703706, 0.051851851851851864, 9, 1, 0, 0, 0, 0, 0, 1, 0, 0, 0.1111111111111111, 0, 0.125, 0, 0.1111111111111111, 0.1111111111111111, 0.1, 0.1
83, 0.001984126984126984, 0.12632275132275128, 0.05787037037037037, 9, 1, 0, 0, 0, 0, 1, 0, 0, 0, 0.125, 0, 0.14285714285714285, 0, 0.125, 0.125, 0.1111111111111111, 0.1111111111111111
84, 0.002976190476190476, 0.1448412698412699, 0.06547619047619045, 9, 1, 0, 0, 0, 1, 0, 0, 0, 0, 0.14285714285714285, 0, 0.16666666666666666, 0, 0.14285714285714285, 0.14285714285714285, 0.125, 0.125
85, 0.003246753246753248, 0.1637806637806638, 0.08465608465608464, 9, 1, 0, 0, 1, 0, 0, 0, 0, 0, 0.16666666666666666, 0, 0.18181818181818182, 0, 0.16666666666666666, 0.16666666666666666, 0.14285714285714285, 0.14285714285714285
86, 0.0030303030303030325, 0.1828282828282828, 0.08585858585858586, 9, 1, 0, 0, 1, 0, 0, 0, 0, 1, 0.18181818181818182, 0, 0.2, 0, 0.18181818181818182, 0.18181818181818182, 0.16666666666666666, 0.16666666666666666
87, 0.004040404040404039, 0.2013468013468013, 0.09393939393939395, 9, 1, 0, 0, 1, 0, 0, 0, 1, 0, 0.2, 0, 0.2222222222222222, 0, 0.2, 0.2, 0.18181818181818182, 0.18181818181818182
88, 0.0027777777777777783, 0.2240740740740742, 0.06666666666666678, 9, 1, 0, 0, 1, 0, 0, 1, 0, 0, 0.2222222222222222, 0, 0.25, 0, 0.2, 0.2
89, 0.002777777777777775, 0.22407407407407406, 0.14074074074074072, 9, 1, 0, 1, 0, 0, 0, 1, 0, 0, 0.25, 0, 0.2222222222222222, 0.2222222222222222, 0.2, 0.2
90, 0.006313131313131312, 0.24831649831649838, 0.12407407407407407, 9, 1, 0, 1, 0, 0, 1, 0, 0, 0, 0.25, 0, 0.2727272727272727, 0, 0.25, 0.25, 0.2222222222222222, 0.2222222222222222
91, 0.001623376623376624, 0.2694805194805188, 0.08333333333333333, 9, 1, 0, 1, 0, 0, 1, 0, 0, 1, 0.2727272727272727, 0, 0.2857142857142857, 0, 0.25, 0.25
92, 0.00519480519480519, 0.27573051948051963, 0.14299242424242428, 9, 1, 0, 1, 0, 1, 0, 0, 0, 1, 0.2857142857142857, 0, 0.3, 0, 0.2727272727272727, 0.2727272727272727, 0.25, 0.25
93, 0.0067099567099567145, 0.3004841037099102, 0.121631057114928, 9, 1, 0, 1, 0, 1, 0, 0, 1, 0, 0.3, 0, 0.3333333333333333, 0, 0.2857142857142857, 0.2857142857142857, 0.2727272727272727, 0.2727272727272727
94, 0.0023809523809523794, 0.3063492063492059, 0.19523809523809535, 9, 1, 0, 1, 1, 0, 0, 0, 1, 0, 0.3333333333333333, 0, 0.3, 0.3, 0.2857142857142857, 0.2857142857142857
95, 0.010606060606060612, 0.33232323232323246, 0.1634920634920634, 9, 1, 0, 1, 1, 0, 0, 1, 0, 0, 0.3333333333333333, 0, 0.36363636363636365, 0, 0.3333333333333333, 0.3333333333333333, 0.3, 0.3
96, 0.0018939393939393923, 0.3573232323232308, 0.11111111111111131, 9, 1, 0, 1, 1, 0, 0, 1, 0, 1, 0.36363636363636365, 0, 0.375, 0, 0.3333333333333333, 0.3333333333333333
97, 0.008333333333333331, 0.3694444444444451, 0.15277777777777796, 9, 1, 0, 1, 1, 0, 1, 0, 0, 1, 0.375, 0, 0.4, 0, 0.375, 0.25, 0.3333333333333333, 0.3333333333333333
98, 0.005357142857142859, 0.4011904761904755, 0.10555555555555571, 9, 1, 0, 1, 1, 0, 1, 0, 1, 0, 0.4, 0, 0.42857142857142855, 0, 0.4, 0.20000000000000018, 0.375, 0.25
99, 0.0031746031746031633, 0.42433862433862524, 0.09047619047619028, 9, 1, 0, 1, 1, 1, 0, 0, 1, 0, 0.42857142857142855, 0, 0.4444444444444444, 0, 0.42857142857142855, 0.14285714285714235, 0.4, 0.20000000000000018
100, 0.0014430014430014404, 0.44252044252044165, 0.06613756613756563, 9, 1, 0, 1, 1, 1, 0, 1, 0, 0, 0.4444444444444444, 0, 0.45454545454545453, 0, 0.4444444444444444, 0.11111111111111072, 0.42857142857142855, 0.14285714285714235
101, 0.0025252525252525172, 0.46632996632996576, 0.03703703703703693, 9, 1, 0, 1, 1, 1, 0, 1, 0, 1, 0.45454545454545453, 0, 0.5, 0, 0.4444444444444444, 0.11111111111111072
102, 0.003968253968253982, 0.4576719576719583, 0.1322751322751321, 9, 1, 1, 0, 1, 1, 0, 1, 0, 1, 0.5, 0, 0.42857142857142855, 0.2857142857142856, 0.4444444444444444, 0.11111111111111072
103, 0.003174603174603177, 0.42433862433862446, 0.24179894179894149, 9, 1, 1, 0, 1, 1, 0, 1, 0, 0, 0.42857142857142855, 0.2857142857142856, 0.4, 0.4, 0.42857142857142855, 0.14285714285714235, 0.4444444444444444, 0.11111111111111072
104, 0.005357142857142845, 0.4011904761904761, 0.2837301587301589, 9, 1, 1, 0, 1, 1, 0, 0, 1, 0, 0.4, 0.4, 0.375, 0.375, 0.4, 0.20000000000000018, 0.42857142857142855, 0.14285714285714235
105, 0.0022727272727272874, 0.3795454545454537, 0.29204545454545394, 9, 1, 1, 0, 1, 0, 1, 0, 1, 0, 0.375, 0.375, 0.36363636363636365, 0.36363636363636365, 0.375, 0.25, 0.4, 0.20000000000000018
106, 0.0018939393939393853, 0.3573232323232333, 0.3156565656565665, 9, 1, 1, 0, 1, 0, 1, 0, 0, 1, 0.36363636363636365, 0.36363636363636365, 0.3333333333333333, 0.3333333333333333, 0.375, 0.25
107, 0.005952380952380959, 0.44841269841269776, 0.25793650793650746, 9, 1, 1, 1, 0, 1, 0, 1, 0, 1, 0.5, 0, 0.42857142857142855, 0.42857142857142855, 0.4166666666666667, 0.4166666666666667, 0.42857142857142855, 0.2857142857142856
108, 0.0011904761904761932, 0.41507936507936566, 0.3674603174603179, 9, 1, 1, 1, 0, 1, 0, 1, 0, 0, 0.4166666666666667, 0.4166666666666667, 0.4, 0.4, 0.42857142857142855, 0.2857142857142856
109, 0.003968253968253968, 0.45767195767195723, 0.29100529100529116, 9, 1, 1, 1, 1, 0, 0, 1, 0, 1, 0.5, 0, 0.4444444444444444, 0.4444444444444444, 0.42857142857142855, 0.42857142857142855
110, 0.0025252525252525276, 0.4663299663299666, 0.299663299663299, 9, 1, 1, 1, 1, 0, 1, 0, 0, 1, 0.5, 0, 0.45454545454545453, 0.45454545454545453, 0.4444444444444444, 0.4444444444444444
111, 0.02272727272727272, 0.5000000000000001, 0.2424242424242425, 9, 1, 1, 1, 1, 0, 1, 0, 1, 0, 0.5, 0, 0.5454545454545454, 0, 0.5, 0.5, 0.45454545454545453, 0.45454545454545453
112, 0.0025252525252525415, 0.5336700336700323, 0.16666666666666666, 9, 1, 1, 1, 1, 0, 1, 0, 1, 1, 0.5454545454545454, 0, 0.5555555555555556, 0, 0.5, 0.5
113, 0.003968253968253954, 0.5423280423280411, 0.16666666666666666, 9, 1, 1, 1, 1, 0, 1, 1, 0, 1, 0.5555555555555556, 0, 0.5714285714285714, 0, 0.5, 0.5
114, 0.02077922077922076, 0.5514610389610393, 0.28598484848484856, 9, 1, 1, 1, 1, 1, 0, 1, 0, 1, 0.5714285714285714, 0, 0.6, 0, 0.5454545454545454, 0.5454545454545454, 0.5, 0.5
115, 0.009974747474747497, 0.5854632826151809, 0.2404210885223543, 9, 1, 1, 1, 1, 1, 0, 1, 1, 0, 0.6, 0, 0.625, 0, 0.5555555555555556, 0.5555555555555556, 0.5454545454545454, 0.5454545454545454
116, 0.010804473304473261, 0.5965611075377351, 0.30754785312381333, 9, 1, 1, 1, 1, 1, 1, 0, 1, 0, 0.625, 0, 0.6363636363636364, 0, 0.6, 0.39999999999999947, 0.5714285714285714, 0.5714285714285714, 0.5555555555555556, 0.5555555555555556
117, 0.006060606060606044, 0.6343434343434354, 0.13333333333333303, 9, 1, 1, 1, 1, 1, 1, 0, 1, 1, 0.6363636363636364, 0, 0.6666666666666666, 0, 0.6, 0.39999999999999947
118, 0.00833333333333336, 0.6166666666666657, 0.37222222222222123, 9, 1, 1, 1, 2, 0, 1, 0, 1, 1, 0.6666666666666666, 0, 0.6, 0.6, 0.5833333333333334, 0.5833333333333334, 0.6, 0.39999999999999947
119, 0.0011904761904762279, 0.5849206349206347, 0.5182539682539623, 9, 1, 1, 1, 2, 0, 1, 0, 1, 0, 0.5833333333333334, 0.5833333333333334, 0.5714285714285714, 0.5714285714285714, 0.6, 0.39999999999999947
120, 0.016666666666666635, 0.6555555555555571, 0.24444444444444455, 9, 1, 1, 1, 2, 0, 1, 1, 0, 1, 0.6666666666666666, 0, 0.7, 0, 0.6666666666666666, 0.33333333333333304, 0.6, 0.6
121, 0.0023809523809523864, 0.6936507936507931, 0.11111111111111047, 9, 1, 1, 1, 2, 0, 1, 1, 1, 0, 0.7, 0, 0.7142857142857143, 0, 0.6666666666666666, 0.33333333333333304
122, 0.004329004329004349, 0.702741702741702, 0.13492063492063505, 9, 1, 1, 1, 2, 1, 0, 1, 1, 0, 0.7142857142857143, 0, 0.7272727272727273, 0, 0.7142857142857143, 0.14285714285714324, 0.6666666666666666, 0.33333333333333304
123, 0.001623376623376624, 0.7305194805194826, 0.04761904761904772, 9, 1, 1, 1, 2, 1, 0, 1, 1, 1, 0.7272727272727273, 0, 0.75, 0, 0.7142857142857143, 0.14285714285714324
124, 0.005952380952380931, 0.7103174603174591, 0.2698412698412698, 9, 1, 1, 2, 1, 1, 0, 1, 1, 1, 0.75, 0, 0.6666666666666666, 0.6666666666666666, 0.7142857142857143, 0.14285714285714324
125, 0.012987012987013019, 0.6724386724386717, 0.44492544492544434, 9, 1, 1, 2, 1, 1, 0, 1, 1, 0, 0.6666666666666666, 0.6666666666666666, 0.6363636363636364, 0.6363636363636364, 0.6666666666666666, 0.33333333333333304, 0.7142857142857143, 0.14285714285714324
126, 0.0018939393939393923, 0.6426767676767692, 0.5315656565656572, 9, 1, 1, 2, 1, 1, 0, 1, 0, 1, 0.6363636363636364, 0.6363636363636364, 0.625, 0.625, 0.6666666666666666, 0.33333333333333304
127, 0.019841269841269826, 0.7251322751322756, 0.32380952380952366, 9, 1, 1, 2, 1, 1, 1, 0, 1, 1, 0.75, 0, 0.7777777777777778, 0, 0.7142857142857143, 0.5714285714285712, 0.6666666666666666, 0.6666666666666666
128, 0.0134920634920635, 0.7591192032368513, 0.2787114845938374, 9, 1, 1, 2, 1, 1, 1, 1, 0, 1, 0.7777777777777778, 0, 0.8, 0, 0.75, 0.5, 0.7142857142857143, 0.5714285714285712
129, 0.006818181818181779, 0.7893939393939408, 0.18888888888888916, 9, 1, 1, 2, 1, 1, 1, 1, 1, 0, 0.8, 0, 0.8181818181818182, 0, 0.8, 0.1999999999999993, 0.75, 0.5
130, 0.001515151515151511, 0.8171717171717147, 0.06666666666666651, 9, 1, 1, 2, 1, 1, 1, 1, 1, 1, 0.8181818181818182, 0, 0.8333333333333334, 0, 0.8, 0.1999999999999993
131, 0.004166666666666666, 0.6305555555555543, 0.5194444444444447, 9, 1, 1, 2, 1, 0, 1, 1, 0, 1, 0.625, 0.625, 0.6, 0.6, 0.6666666666666666, 0.33333333333333304
132, 0.010317460317460336, 0.8159137159137138, 0.2011396011396014, 9, 1, 1, 2, 2, 0, 1, 1, 1, 1, 0.8333333333333334, 0, 0.8571428571428571, 0, 0.8, 0.40000000000000036, 0.7777777777777778, 0.44444444444444287, 0.8, 0.1999999999999993
133, 0.00277777777777774, 0.7759259259259271, 0.38148148148148114, 9, 1, 1, 2, 2, 0, 1, 1, 1, 0, 0.7777777777777778, 0.44444444444444287, 0.75, 0.5, 0.8, 0.1999999999999993
134, 0.007738095238095266, 0.8397741147741178, 0.19316239316239345, 9, 1, 1, 2, 2, 1, 0, 1, 1, 1, 0.8571428571428571, 0, 0.875, 0, 0.8333333333333334, 0.3333333333333339, 0.8, 0.40000000000000036
135, 0.004960317460317415, 0.8625661375661366, 0.16190476190476155, 9, 1, 1, 2, 2, 1, 1, 0, 1, 1, 0.875, 0, 0.8888888888888888, 0, 0.8571428571428571, 0.2857142857142847, 0.8333333333333334, 0.3333333333333339
136, 0.003373015873015889, 0.8795596016184214, 0.1393557422969188, 9, 1, 1, 2, 2, 1, 1, 1, 0, 1, 0.8888888888888888, 0, 0.9, 0, 0.875, 0.25, 0.8571428571428571, 0.2857142857142847
137, 0.002398989898989873, 0.8927476519581834, 0.12231968810916156, 9, 1, 1, 2, 2, 1, 1, 1, 1, 0, 0.9, 0, 0.9090909090909091, 0, 0.8888888888888888, 0.22222222222222143, 0.875, 0.25
138, 0.010101010101010069, 0.9326599326599315, 0.07407407407407386, 9, 1, 1, 2, 2, 1, 1, 1, 1, 1, 0.9090909090909091, 0, 1, 0, 0.8888888888888888, 0.22222222222222143
139, 0.015873015873015928, 0.9153439153439166, 0.2645502645502642, 9, 1, 2, 1, 2, 1, 1, 1, 1, 1, 1, 0, 0.8571428571428571, 0.5714285714285712, 0.8888888888888888, 0.22222222222222143
140, 0.004960317460317415, 0.8625661375661366, 0.43677248677248587, 9, 1, 2, 1, 2, 1, 1, 1, 1, 0, 0.8571428571428571, 0.5714285714285712, 0.8333333333333334, 0.6666666666666661, 0.875, 0.25, 0.8888888888888888, 0.22222222222222143
141, 0.007738095238095266, 0.8397741147741153, 0.5136141636141628, 9, 1, 2, 1, 2, 1, 1, 1, 0, 1, 0.8333333333333334, 0.6666666666666661, 0.8, 0.8, 0.8571428571428571, 0.2857142857142847, 0.875, 0.25
142, 0.010317460317460309, 0.8159137159137141, 0.5613349613349622, 9, 1, 2, 1, 2, 1, 1, 0, 1, 1, 0.8, 0.8, 0.7777777777777778, 0.7777777777777778, 0.8333333333333334, 0.3333333333333339, 0.8571428571428571, 0.2857142857142847
143, 0.011111111111111044, 0.7898148148148163, 0.5731481481481486, 9, 1, 2, 1, 2, 1, 0, 1, 1, 1, 0.7777777777777778, 0.7777777777777778, 0.75, 0.75, 0.8, 0.40000000000000036, 0.8333333333333334, 0.3333333333333339
144, 0.002777777777777851, 0.775925925925926, 0.5314814814814821, 9, 1, 2, 1, 2, 0, 1, 1, 1, 1, 0.75, 0.75, 0.7777777777777778, 0.44444444444444287, 0.8, 0.40000000000000036
145, 0.006313131313131354, 0.7516835016834996, 0.6072390572390549, 9, 1, 2, 1, 2, 0, 1, 1, 1, 0, 0.75, 0.75, 0.7272727272727273, 0.7272727272727273, 0.75, 0.5, 0.7777777777777778, 0.44444444444444287
146, 0.00162337662337661, 0.7305194805194802, 0.6471861471861484, 9, 1, 2, 1, 2, 0, 1, 1, 0, 1, 0.7272727272727273, 0.7272727272727273, 0.7142857142857143, 0.7142857142857143, 0.75, 0.5
147, 0.0035714285714285587, 0.7214285714285735, 0.6142857142857161, 9, 1, 2, 1, 1, 1, 1, 1, 0, 1, 0.7142857142857143, 0.7142857142857143, 0.7, 0.7, 0.7142857142857143, 0.5714285714285712, 0.75, 0.5
148, 0.0023809523809524002, 0.6936507936507929, 0.6460317460317444, 9, 1, 2, 1, 1, 1, 1, 0, 1, 1, 0.7, 0.7, 0.6666666666666666, 0.6666666666666666, 0.7142857142857143, 0.5714285714285712
149, 0.023809523809523836, 0.8968253968253955, 0.5158730158730149, 9, 1, 2, 2, 1, 1, 1, 1, 1, 1, 1, 0, 0.8571428571428571, 0.8571428571428571, 0.8333333333333334, 0.8333333333333334, 0.8571428571428571, 0.5714285714285712
150, 0.0032467532467532756, 0.8362193362193354, 0.7224627224627221, 9, 1, 2, 2, 1, 1, 1, 1, 1, 0, 0.8333333333333334, 0.8333333333333334, 0.8181818181818182, 0.8181818181818182, 0.8333333333333334, 0.6666666666666661, 0.8571428571428571, 0.5714285714285712
151, 0.001515151515151525, 0.8171717171717194, 0.7616161616161607, 9, 1, 2, 2, 1, 1, 1, 1, 0, 1, 0.8181818181818182, 0.8181818181818182, 0.8, 0.8, 0.8333333333333334, 0.6666666666666661
152, 0.008928571428571452, 0.9107142857142835, 0.5773809523809522, 9, 1, 2, 2, 2, 0, 1, 1, 1, 1, 1, 0, 0.875, 0.875, 0.8571428571428571, 0.8571428571428571
153, 0.00694444444444442, 0.9212962962962973, 0.587962962962964, 9, 1, 2, 2, 2, 1, 0, 1, 1, 1, 1, 0, 0.8888888888888888, 0.8888888888888888, 0.875, 0.875
154, 0.005555555555555591, 0.9296296296296254, 0.5962962962962953, 9, 1, 2, 2, 2, 1, 1, 0, 1, 1, 1, 0, 0.9, 0.9, 0.8888888888888888, 0.8888888888888888
155, 0.004545454545454519, 0.9363636363636428, 0.6030303030303014, 9, 1, 2, 2, 2, 1, 1, 1, 0, 1, 1, 0, 0.9090909090909091, 0.9090909090909091, 0.9, 0.9
156, 0.0037878787878787845, 0.9419191919191823, 0.6085858585858587, 9, 1, 2, 2, 2, 1, 1, 1, 1, 0, 1, 0, 0.9166666666666666, 0.9166666666666666, 0.9090909090909091, 0.9090909090909091
157, 0.041666666666666685, 0.9722222222222228, 0.638888888888889, 9, 1, 2, 2, 2, 1, 1, 1, 1, 1, 1, 0, 1, 1, 0.9166666666666666, 0.9166666666666666
