nr, area, centroidx, centroidy, numBars, pixPerBar0, ..., pixPerBarN, vertex1x, vertex1y, vertex2x, ...
0, 0.041666666666666664, 0.027777777777777776, 0.36111111111111105, 9, 0, 0, 0, 0, 0, 0, 0, 0, 0, 0, 0, 0.08333333333333333, 0.08333333333333333, 0, 1
1, 0.0037878787878787915, 0.05808080808080805, 0.3914141414141412, 9, 0, 0, 0, 0, 0, 0, 0, 0, 1, 0.08333333333333333, 0.08333333333333333, 0.09090909090909091, 0.09090909090909091, 0, 1
2, 0.004545454545454547, 0.06363636363636367, 0.39696969696969775, 9, 0, 0, 0, 0, 0, 0, 0, 1, 0, 0.09090909090909091, 0.09090909090909091, 0.1, 0.1, 0, 1
3, 0.00555555555555555, 0.07037037037037036, 0.4037037037037035, 9, 0, 0, 0, 0, 0, 0, 1, 0, 0, 0.1, 0.1, 0.1111111111111111, 0.1111111111111111, 0, 1
4, 0.0069444444444444475, 0.07870370370370368, 0.41203703703703703, 9, 0, 0, 0, 0, 0, 1, 0, 0, 0, 0.1111111111111111, 0.1111111111111111, 0.125, 0.125, 0, 1
5, 0.008928571428571425, 0.0892857142857143, 0.42261904761904756, 9, 0, 0, 0, 0, 1, 0, 0, 0, 0, 0.125, 0.125, 0.14285714285714285, 0.14285714285714285, 0, 1
6, 0.011904761904761904, 0.10317460317460318, 0.43650793650793673, 9, 0, 0, 0, 1, 0, 0, 0, 0, 0, 0.14285714285714285, 0.14285714285714285, 0.16666666666666666, 0.16666666666666666, 0, 1
7, 0.033333333333333326, 0.08888888888888889, 0.6888888888888889, 9, 0, 0, 1, 0, 0, 0, 0, 0, 0, 0.16666666666666666, 0.16666666666666666, 0.1, 0.8999999999999999, 0, 1
8, 0.009595959595959602, 0.14267233740917942, 0.5048555732766253, 9, 0, 0, 1, 0, 0, 0, 0, 0, 1, 0.16666666666666666, 0.16666666666666666, 0.18181818181818182, 0.18181818181818182, 0.1111111111111111, 0.8888888888888888, 0.1, 0.8999999999999999
9, 0.011237373737373754, 0.15728729239965192, 0.5092431808723938, 9, 0, 0, 1, 0, 0, 0, 0, 1, 0, 0.18181818181818182, 0.18181818181818182, 0.2, 0.2, 0.125, 0.875, 0.1111111111111111, 0.8888888888888888
10, 0.013293650793650788, 0.17530008686725101, 0.5141415936192061, 9, 0, 0, 1, 0, 0, 0, 1, 0, 0, 0.2, 0.2, 0.2222222222222222, 0.2222222222222222, 0.14285714285714285, 0.8571428571428572, 0.125, 0.875
11, 0.015873015873015858, 0.19808201058201064, 0.5195105820105819, 9, 0, 0, 1, 0, 0, 1, 0, 0, 0, 0.2222222222222222, 0.2222222222222222, 0.25, 0.25, 0.16666666666666666, 0.8333333333333333, 0.14285714285714285, 0.8571428571428572
12, 0.008333333333333345, 0.20555555555555574, 0.6277777777777779, 9, 0, 0, 1, 0, 1, 0, 0, 0, 0, 0.25, 0.25, 0.2, 0.8, 0.16666666666666666, 0.8333333333333333
13, 0.00909090909090908, 0.24090909090909093, 0.4617424242424242, 9, 0, 0, 1, 0, 1, 0, 0, 0, 1, 0.25, 0.25, 0.2727272727272727, 0.2727272727272727, 0.25, 0.5, 0.2, 0.8
14, 0.001623376623376624, 0.2694805194805188, 0.3528138528138522, 9, 0, 0, 1, 0, 1, 0, 0, 1, 0, 0.2727272727272727, 0.2727272727272727, 0.2857142857142857, 0.2857142857142857, 0.25, 0.5
15, 0.011507936507936495, 0.2606914796569972, 0.5407042510490788, 9, 0, 0, 1, 1, 0, 0, 0, 1, 0, 0.2857142857142857, 0.2857142857142857, 0.3, 0.3, 0.25, 0.75, 0.2222222222222222, 0.7777777777777777, 0.25, 0.5
16, 0.002777777777777768, 0.224074074074074, 0.6925925925925935, 9, 0, 0, 1, 1, 0, 0, 0, 0, 1, 0.2222222222222222, 0.7777777777777777, 0.2, 0.8, 0.25, 0.5
17, 0.00833333333333336, 0.2944444444444438, 0.46111111111111014, 9, 0, 0, 1, 1, 0, 0, 1, 0, 0, 0.3, 0.3, 0.3333333333333333, 0.3333333333333333, 0.25, 0.75
18, 0.005952380952380945, 0.2896825396825402, 0.5992063492063497, 9, 0, 0, 2, 0, 0, 0, 1, 0, 0, 0.3333333333333333, 0.3333333333333333, 0.2857142857142857, 0.7142857142857144, 0.25, 0.75
19, 0.0023809523809523864, 0.306349206349206, 0.5825396825396826, 9, 0, 0, 2, 0, 0, 1, 0, 0, 0, 0.3333333333333333, 0.3333333333333333, 0.3, 0.6999999999999997, 0.2857142857142857, 0.7142857142857144
20, 0.010606060606060591, 0.33232323232323246, 0.5132756132756138, 9, 0, 0, 2, 0, 0, 1, 0, 0, 1, 0.3333333333333333, 0.3333333333333333, 0.36363636363636365, 0.36363636363636365, 0.3333333333333333, 0.6666666666666665, 0.3, 0.6999999999999997
21, 0.0018939393939393923, 0.3573232323232308, 0.4684343434343427, 9, 0, 0, 2, 0, 0, 1, 0, 1, 0, 0.36363636363636365, 0.36363636363636365, 0.375, 0.375, 0.3333333333333333, 0.6666666666666665
22, 0.008333333333333331, 0.3694444444444448, 0.5222222222222218, 9, 0, 0, 2, 0, 1, 0, 0, 1, 0, 0.375, 0.375, 0.4, 0.4, 0.375, 0.625, 0.3333333333333333, 0.6666666666666665
23, 0.00416666666666668, 0.39722222222222203, 0.5138888888888888, 9, 0, 0, 2, 0, 1, 0, 1, 0, 0, 0.4, 0.4, 0.4166666666666667, 0.4166666666666667, 0.4, 0.6000000000000001, 0.375, 0.625
24, 0.0011904761904761862, 0.4150793650793642, 0.4817460317460332, 9, 0, 0, 2, 0, 1, 0, 1, 0, 1, 0.4166666666666667, 0.4166666666666667, 0.42857142857142855, 0.42857142857142855, 0.4, 0.6000000000000001
25, 0.003174603174603191, 0.4243386243386237, 0.5148148148148137, 9, 0, 0, 2, 1, 0, 0, 1, 0, 1, 0.42857142857142855, 0.42857142857142855, 0.4444444444444444, 0.4444444444444444, 0.42857142857142855, 0.5714285714285716, 0.4, 0.6000000000000001
26, 0.0014430014430014543, 0.4425204425204414, 0.508658008658008, 9, 0, 0, 2, 1, 0, 1, 0, 0, 1, 0.4444444444444444, 0.4444444444444444, 0.45454545454545453, 0.45454545454545453, 0.4444444444444444, 0.5555555555555554, 0.42857142857142855, 0.5714285714285716
27, 0.0025252525252525138, 0.4663299663299664, 0.5033670033670039, 9, 0, 0, 2, 1, 0, 1, 0, 1, 0, 0.45454545454545453, 0.45454545454545453, 0.5, 0.5, 0.4444444444444444, 0.5555555555555554
28, 0.011111111111111127, 0.44814814814814846, 0.6851851851851845, 9, 0, 1, 1, 1, 0, 1, 0, 1, 0, 0.5, 0.5, 0.4, 1, 0.4444444444444444, 0.5555555555555554
29, 0.008531746031746015, 0.4098037406176943, 0.8020179648086639, 9, 0, 1, 1, 1, 0, 1, 0, 0, 1, 0.4, 1, 0.375, 1, 0.42857142857142855, 0.5714285714285716, 0.4444444444444444, 0.5555555555555554
30, 0.007629870129870112, 0.3947430229345127, 0.7663627152988854, 9, 0, 1, 1, 1, 0, 0, 1, 0, 1, 0.375, 1, 0.36363636363636365, 1, 0.4, 0.6000000000000001, 0.42857142857142855, 0.5714285714285716
31, 0.006060606060606058, 0.36565656565656524, 0.8666666666666665, 9, 0, 1, 1, 1, 0, 0, 1, 0, 0, 0.36363636363636365, 1, 0.3333333333333333, 1, 0.4, 0.6000000000000001
32, 0.00416666666666668, 0.3694444444444455, 0.741666666666667, 9, 0, 1, 1, 0, 1, 0, 1, 0, 0, 0.3333333333333333, 1, 0.375, 0.625, 0.4, 0.6000000000000001
33, 0.012500000000000011, 0.3361111111111108, 0.8194444444444445, 9, 0, 1, 1, 0, 1, 0, 0, 1, 0, 0.3333333333333333, 1, 0.3, 1, 0.3333333333333333, 0.6666666666666665, 0.375, 0.625
34, 0.0023809523809523725, 0.3063492063492068, 0.8888888888888888, 9, 0, 1, 1, 0, 1, 0, 0, 0, 1, 0.3, 1, 0.2857142857142857, 1, 0.3333333333333333, 0.6666666666666665
35, 0.006709956709956735, 0.3004841037099098, 0.8211469534050171, 9, 0, 1, 1, 0, 0, 1, 0, 0, 1, 0.2857142857142857, 1, 0.2727272727272727, 1, 0.3, 0.6999999999999997, 0.3333333333333333, 0.6666666666666665
36, 0.005194805194805169, 0.2757305194805201, 0.8672619047619069, 9, 0, 1, 1, 0, 0, 1, 0, 0, 0, 0.2727272727272727, 1, 0.25, 1, 0.2857142857142857, 0.7142857142857144, 0.3, 0.6999999999999997
37, 0.007936507936507936, 0.25264550264550273, 0.8630952380952384, 9, 0, 1, 1, 0, 0, 0, 1, 0, 0, 0.25, 1, 0.2222222222222222, 1, 0.25, 0.75, 0.2857142857142857, 0.7142857142857144
38, 0.002777777777777782, 0.2240740740740737, 0.9166666666666654, 9, 0, 1, 1, 0, 0, 0, 0, 1, 0, 0.2222222222222222, 1, 0.2, 1, 0.25, 0.75
39, 0.0071428571428571175, 0.4428571428571433, 0.8333333333333346, 9, 0, 1, 2, 0, 0, 1, 0, 1, 0, 0.5, 0.5, 0.42857142857142855, 1, 0.4, 1
40, 0.003968253968253982, 0.4576719576719557, 0.8333333333333321, 9, 0, 1, 2, 0, 1, 0, 0, 1, 0, 0.5, 0.5, 0.4444444444444444, 1, 0.42857142857142855, 1
41, 0.0025252525252525138, 0.4663299663299655, 0.8333333333333351, 9, 0, 1, 2, 0, 1, 0, 1, 0, 0, 0.5, 0.5, 0.45454545454545453, 1, 0.4444444444444444, 1
42, 0.022727272727272735, 0.5000000000000002, 0.757575757575758, 9, 0, 1, 2, 0, 1, 0, 1, 0, 1, 0.5, 0.5, 0.5454545454545454, 0.5454545454545454, 0.5, 1, 0.45454545454545453, 1
43, 0.0025252525252525415, 0.5336700336700323, 0.7003367003366989, 9, 0, 1, 2, 0, 1, 0, 1, 1, 0, 0.5454545454545454, 0.5454545454545454, 0.5555555555555556, 0.5555555555555556, 0.5, 1
44, 0.003968253968253954, 0.5423280423280411, 0.7089947089947078, 9, 0, 1, 2, 0, 1, 1, 0, 1, 0, 0.5555555555555556, 0.5555555555555556, 0.5714285714285714, 0.5714285714285714, 0.5, 1
45, 0.012445887445887455, 0.5449996863040348, 0.8269496204278826, 9, 0, 1, 2, 1, 0, 1, 0, 1, 0, 0.5714285714285714, 0.5714285714285714, 0.5833333333333334, 0.5833333333333334, 0.5454545454545454, 1, 0.5, 1
46, 0.005808080808080818, 0.5730420143463604, 0.7760869565217392, 9, 0, 1, 2, 1, 0, 1, 0, 1, 1, 0.5833333333333334, 0.5833333333333334, 0.6, 0.6, 0.5555555555555556, 1, 0.5454545454545454, 1
47, 0.00853174603174603, 0.5901962593823069, 0.7881782945736422, 9, 0, 1, 2, 1, 0, 1, 1, 0, 1, 0.6, 0.6, 0.625, 0.625, 0.5714285714285714, 1, 0.5555555555555556, 1
48, 0.0076298701298701255, 0.6052569770654874, 0.8388942617666022, 9, 0, 1, 2, 1, 1, 0, 1, 0, 1, 0.625, 0.625, 0.6363636363636364, 0.6363636363636364, 0.6, 1, 0.5714285714285714, 1
49, 0.006060606060606044, 0.6343434343434339, 0.7676767676767685, 9, 0, 1, 2, 1, 1, 0, 1, 1, 0, 0.6363636363636364, 0.6363636363636364, 0.6666666666666666, 0.6666666666666666, 0.6, 1
50, 0.00416666666666668, 0.6305555555555544, 0.8888888888888874, 9, 0, 1, 3, 0, 1, 0, 1, 1, 0, 0.6666666666666666, 0.6666666666666666, 0.625, 1, 0.6, 1
51, 0.0018939393939393923, 0.6426767676767692, 0.8888888888888905, 9, 0, 1, 3, 0, 1, 1, 0, 1, 0, 0.6666666666666666, 0.6666666666666666, 0.6363636363636364, 1, 0.625, 1
52, 0.010606060606060591, 0.6676767676767686, 0.836507936507937, 9, 0, 1, 3, 0, 1, 1, 0, 1, 1, 0.6666666666666666, 0.6666666666666666, 0.7, 0.7, 0.6666666666666666, 1, 0.6363636363636364, 1
53, 0.0023809523809524002, 0.6936507936507929, 0.8047619047619066, 9, 0, 1, 3, 0, 1, 1, 1, 0, 1, 0.7, 0.7, 0.7142857142857143, 0.7142857142857143, 0.6666666666666666, 1
54, 0.0067099567099567214, 0.6995158962900893, 0.8783689428850698, 9, 0, 1, 3, 1, 0, 1, 1, 0, 1, 0.7142857142857143, 0.7142857142857143, 0.7272727272727273, 0.7272727272727273, 0.7, 1, 0.6666666666666666, 1
55, 0.0051948051948051965, 0.7242694805194816, 0.8570075757575758, 9, 0, 1, 3, 1, 0, 1, 1, 1, 0, 0.7272727272727273, 0.7272727272727273, 0.75, 0.75, 0.7142857142857143, 1, 0.7, 1
56, 0.0016233766233766378, 0.7305194805194792, 0.9166666666666666, 9, 0, 1, 3, 1, 1, 0, 1, 1, 0, 0.75, 0.75, 0.7272727272727273, 1, 0.7142857142857143, 1
57, 0.0063131313131312705, 0.7516835016835022, 0.8759259259259269, 9, 0, 1, 3, 1, 1, 0, 1, 1, 1, 0.75, 0.75, 0.7777777777777778, 0.7777777777777778, 0.75, 1, 0.7272727272727273, 1
58, 0.005555555555555591, 0.7759259259259266, 0.8962962962962954, 9, 0, 1, 3, 1, 1, 1, 0, 1, 1, 0.7777777777777778, 0.7777777777777778, 0.8, 0.8, 0.7777777777777778, 1, 0.75, 1
59, 0.004040404040404011, 0.7986531986531986, 0.9060606060606086, 9, 0, 1, 3, 1, 1, 1, 1, 0, 1, 0.8, 0.8, 0.8181818181818182, 0.8181818181818182, 0.8, 1, 0.7777777777777778, 1
60, 0.001515151515151525, 0.8171717171717133, 0.8838383838383861, 9, 0, 1, 3, 1, 1, 1, 1, 1, 0, 0.8181818181818182, 0.8181818181818182, 0.8333333333333334, 0.8333333333333334, 0.8, 1
61, 0.001515151515151525, 0.8171717171717194, 0.9444444444444383, 9, 0, 1, 4, 0, 1, 1, 1, 1, 0, 0.8333333333333334, 0.8333333333333334, 0.8181818181818182, 1, 0.8, 1
62, 0.00324675324675322, 0.8362193362193384, 0.9153439153439189, 9, 0, 1, 4, 0, 1, 1, 1, 1, 1, 0.8333333333333334, 0.8333333333333334, 0.8571428571428571, 0.8571428571428571, 0.8333333333333334, 1, 0.8181818181818182, 1
63, 0.0029761904761904656, 0.8551587301587315, 0.9345238095238086, 9, 0, 1, 4, 1, 0, 1, 1, 1, 1, 0.8571428571428571, 0.8571428571428571, 0.875, 0.875, 0.8571428571428571, 1, 0.8333333333333334, 1
64, 0.0019841269841270326, 0.8736772486772406, 0.942129629629623, 9, 0, 1, 4, 1, 1, 0, 1, 1, 1, 0.875, 0.875, 0.8888888888888888, 0.8888888888888888, 0.875, 1, 0.8571428571428571, 1
65, 0.001388888888888884, 0.8879629629629613, 0.948148148148148, 9, 0, 1, 4, 1, 1, 1, 0, 1, 1, 0.8888888888888888, 0.8888888888888888, 0.9, 0.9, 0.8888888888888888, 1, 0.875, 1
66, 0.0010101010101010166, 0.8993265993265984, 0.9530303030303026, 9, 0, 1, 4, 1, 1, 1, 1, 0, 1, 0.9, 0.9, 0.9090909090909091, 0.9090909090909091, 0.9, 1, 0.8888888888888888, 1
67, 0.0007575757575757347, 0.9085858585858655, 0.9570707070707152, 9, 0, 1, 4, 1, 1, 1, 1, 1, 0, 0.9090909090909091, 0.9090909090909091, 0.9166666666666666, 0.9166666666666666, 0.9090909090909091, 1, 0.9, 1
68, 0.0037878787878787845, 0.9419191919191933, 0.9722222222222227, 9, 0, 1, 4, 1, 1, 1, 1, 1, 1, 0.9166666666666666, 0.9166666666666666, 1, 1, 0.9090909090909091, 1
69, 0.002777777777777782, 0.22407407407407412, 0.8425925925925924, 9, 0, 1, 0, 1, 0, 0, 0, 1, 0, 0.2, 1, 0.2222222222222222, 0.7777777777777777, 0.25, 0.75
70, 0.004040404040404039, 0.2013468013468013, 0.8925925925925926, 9, 0, 1, 0, 1, 0, 0, 0, 0, 1, 0.2, 1, 0.18181818181818182, 1, 0.2, 0.8, 0.2222222222222222, 0.7777777777777777
71, 0.001515151515151511, 0.18282828282828267, 0.9333333333333342, 9, 0, 1, 0, 1, 0, 0, 0, 0, 0, 0.18181818181818182, 1, 0.16666666666666666, 1, 0.2, 0.8
72, 0.004761904761904766, 0.1698412698412699, 0.9055555555555551, 9, 0, 1, 0, 0, 1, 0, 0, 0, 0, 0.16666666666666666, 1, 0.14285714285714285, 1, 0.16666666666666666, 0.8333333333333333, 0.2, 0.8
73, 0.0029761904761904795, 0.14484126984126977, 0.9206349206349201, 9, 0, 1, 0, 0, 0, 1, 0, 0, 0, 0.14285714285714285, 1, 0.125, 1, 0.14285714285714285, 0.8571428571428572, 0.16666666666666666, 0.8333333333333333
74, 0.001984126984126977, 0.12632275132275142, 0.9315476190476204, 9, 0, 1, 0, 0, 0, 0, 1, 0, 0, 0.125, 1, 0.1111111111111111, 1, 0.125, 0.875, 0.14285714285714285, 0.8571428571428572
75, 0.001388888888888891, 0.11203703703703696, 0.9398148148148144, 9, 0, 1, 0, 0, 0, 0, 0, 1, 0, 0.1111111111111111, 1, 0.1, 1, 0.1111111111111111, 0.8888888888888888, 0.125, 0.875
76, 0.0010101010101010166, 0.10067340067340046, 0.9462962962962946, 9, 0, 1, 0, 0, 0, 0, 0, 0, 1, 0.1, 1, 0.09090909090909091, 1, 0.1, 0.8999999999999999, 0.1111111111111111, 0.8888888888888888
77, 0.004545454545454547, 0.0636363636363636, 0.9666666666666667, 9, 0, 1, 0, 0, 0, 0, 0, 0, 0, 0.09090909090909091, 1, 0, 1, 0.1, 0.8999999999999999
78, 0.003787878787878788, 0.05808080808080809, 0.027777777777777776, 9, 1, 0, 0, 0, 0, 0, 0, 0, 0, 0, 0, 0.09090909090909091, 0, 0.08333333333333333, 0.08333333333333333
79, 0.0007575757575757581, 0.0914141414141414, 0.04292929292929293, 9, 1, 0, 0, 0, 0, 0, 0, 0, 1, 0.09090909090909091, 0, 0.1, 0, 0.09090909090909091, 0.09090909090909091, 0.08333333333333333, 0.08333333333333333
80, 0.0010101010101010097, 0.10067340067340065, 0.046969696969696974, 9, 1, 0, 0, 0, 0, 0, 0, 1, 0, 0.1, 0, 0.1111111111111111, 0, 0.1, 0.1, 0.09090909090909091, 0.09090909090909091
81, 0.0013888888888888883, 0.11203703703703706, 0.051851851851851864, 9, 1, 0, 0, 0, 0, 0, 1, 0, 0, 0.1111111111111111, 0, 0.125, 0, 0.1111111111111111, 0.1111111111111111, 0.1, 0.1
82, 0.001984126984126984, 0.12632275132275128, 0.05787037037037037, 9, 1, 0, 0, 0, 0, 1, 0, 0, 0, 0.125, 0, 0.14285714285714285, 0, 0.125, 0.125, 0.1111111111111111, 0.1111111111111111
83, 0.002976190476190476, 0.1448412698412699, 0.06547619047619045, 9, 1, 0, 0, 0, 1, 0, 0, 0, 0, 0.14285714285714285, 0, 0.16666666666666666, 0, 0.14285714285714285, 0.14285714285714285, 0.125, 0.125
84, 0.003246753246753248, 0.1637806637806638, 0.08465608465608464, 9, 1, 0, 0, 1, 0, 0, 0, 0, 0, 0.16666666666666666, 0, 0.18181818181818182, 0, 0.16666666666666666, 0.16666666666666666, 0.14285714285714285, 0.14285714285714285
85, 0.0015151515151515145, 0.1828282828282828, 0.05555555555555555, 9, 1, 0, 0, 1, 0, 0, 0, 0, 1, 0.18181818181818182, 0, 0.2, 0, 0.16666666666666666, 0.16666666666666666
86, 0.001515151515151518, 0.18282828282828278, 0.11616161616161609, 9, 1, 0, 1, 0, 0, 0, 0, 0, 1, 0.2, 0, 0.18181818181818182, 0.18181818181818182, 0.16666666666666666, 0.16666666666666666
87, 0.004040404040404039, 0.2013468013468013, 0.09393939393939395, 9, 1, 0, 1, 0, 0, 0, 0, 1, 0, 0.2, 0, 0.2222222222222222, 0, 0.2, 0.2, 0.18181818181818182, 0.18181818181818182
88, 0.005555555555555553, 0.22407407407407412, 0.10370370370370373, 9, 1, 0, 1, 0, 0, 0, 1, 0, 0, 0.2222222222222222, 0, 0.25, 0, 0.2222222222222222, 0.2222222222222222, 0.2, 0.2
89, 0.006313131313131312, 0.24831649831649838, 0.12407407407407407, 9, 1, 0, 1, 0, 0, 1, 0, 0, 0, 0.25, 0, 0.2727272727272727, 0, 0.25, 0.25, 0.2222222222222222, 0.2222222222222222
90, 0.001623376623376624, 0.2694805194805188, 0.08333333333333333, 9, 1, 0, 1, 0, 0, 1, 0, 0, 1, 0.2727272727272727, 0, 0.2857142857142857, 0, 0.25, 0.25
91, 0.00519480519480519, 0.27573051948051963, 0.14299242424242428, 9, 1, 0, 1, 0, 1, 0, 0, 0, 1, 0.2857142857142857, 0, 0.3, 0, 0.2727272727272727, 0.2727272727272727, 0.25, 0.25
92, 0.0067099567099567145, 0.3004841037099102, 0.121631057114928, 9, 1, 0, 1, 0, 1, 0, 0, 1, 0, 0.3, 0, 0.3333333333333333, 0, 0.2857142857142857, 0.2857142857142857, 0.2727272727272727, 0.2727272727272727
93, 0.0023809523809523794, 0.3063492063492059, 0.19523809523809535, 9, 1, 0, 1, 1, 0, 0, 0, 1, 0, 0.3333333333333333, 0, 0.3, 0.3, 0.2857142857142857, 0.2857142857142857
94, 0.010606060606060612, 0.33232323232323246, 0.1634920634920634, 9, 1, 0, 1, 1, 0, 0, 1, 0, 0, 0.3333333333333333, 0, 0.36363636363636365, 0, 0.3333333333333333, 0.3333333333333333, 0.3, 0.3
95, 0.0018939393939393923, 0.3573232323232308, 0.11111111111111131, 9, 1, 0, 1, 1, 0, 0, 1, 0, 1, 0.36363636363636365, 0, 0.375, 0, 0.3333333333333333, 0.3333333333333333
96, 0.004166666666666666, 0.3694444444444451, 0.11111111111111102, 9, 1, 0, 1, 1, 0, 1, 0, 0, 1, 0.375, 0, 0.4, 0, 0.3333333333333333, 0.3333333333333333
97, 0.006060606060606072, 0.36565656565656557, 0.23232323232323218, 9, 1, 0, 2, 0, 0, 1, 0, 0, 1, 0.4, 0, 0.36363636363636365, 0.36363636363636365, 0.3333333333333333, 0.3333333333333333
98, 0.007629870129870112, 0.3947430229345127, 0.16110573823339794, 9, 1, 0, 2, 0, 0, 1, 0, 1, 0, 0.4, 0, 0.42857142857142855, 0, 0.375, 0.375, 0.36363636363636365, 0.36363636363636365
99, 0.008531746031746043, 0.40980374061769353, 0.21182170542635642, 9, 1, 0, 2, 0, 1, 0, 0, 1, 0, 0.42857142857142855, 0, 0.4444444444444444, 0, 0.4, 0.4, 0.375, 0.375
100, 0.005808080808080804, 0.4269579856536383, 0.22391304347826127, 9, 1, 0, 2, 0, 1, 0, 1, 0, 0, 0.4444444444444444, 0, 0.45454545454545453, 0, 0.4166666666666667, 0.4166666666666667, 0.4, 0.4
101, 0.01244588744588744, 0.455000313695966, 0.17305037957211855, 9, 1, 0, 2, 0, 1, 0, 1, 0, 1, 0.45454545454545453, 0, 0.5, 0, 0.42857142857142855, 0.42857142857142855, 0.4166666666666667, 0.4166666666666667
102, 0.003968253968253968, 0.45767195767195723, 0.29100529100529116, 9, 1, 0, 2, 1, 0, 0, 1, 0, 1, 0.5, 0, 0.4444444444444444, 0.4444444444444444, 0.42857142857142855, 0.42857142857142855
103, 0.0025252525252525276, 0.4663299663299666, 0.299663299663299, 9, 1, 0, 2, 1, 0, 1, 0, 0, 1, 0.5, 0, 0.45454545454545453, 0.45454545454545453, 0.4444444444444444, 0.4444444444444444
104, 0.02272727272727272, 0.5000000000000001, 0.2424242424242425, 9, 1, 0, 2, 1, 0, 1, 0, 1, 0, 0.5, 0, 0.5454545454545454, 0, 0.5, 0.5, 0.45454545454545453, 0.45454545454545453
105, 0.0025252525252525415, 0.5336700336700323, 0.16666666666666666, 9, 1, 0, 2, 1, 0, 1, 0, 1, 1, 0.5454545454545454, 0, 0.5555555555555556, 0, 0.5, 0.5
106, 0.003968253968253954, 0.5423280423280411, 0.16666666666666666, 9, 1, 0, 2, 1, 0, 1, 1, 0, 1, 0.5555555555555556, 0, 0.5714285714285714, 0, 0.5, 0.5
107, 0.007142857142857145, 0.5571428571428585, 0.16666666666666666, 9, 1, 0, 2, 1, 1, 0, 1, 0, 1, 0.5714285714285714, 0, 0.6, 0, 0.5, 0.5
108, 0.011111111111111127, 0.5518518518518509, 0.31481481481481466, 9, 1, 0, 3, 0, 1, 0, 1, 0, 1, 0.6, 0, 0.5555555555555556, 0.44444444444444464, 0.5, 0.5
109, 0.00853174603174603, 0.5901962593823069, 0.19798203519133767, 9, 1, 0, 3, 0, 1, 0, 1, 1, 0, 0.6, 0, 0.625, 0, 0.5714285714285714, 0.4285714285714288, 0.5555555555555556, 0.44444444444444464
110, 0.0076298701298701255, 0.6052569770654886, 0.23363728470111508, 9, 1, 0, 3, 0, 1, 1, 0, 1, 0, 0.625, 0, 0.6363636363636364, 0, 0.6, 0.40000000000000036, 0.5714285714285714, 0.4285714285714288
111, 0.006060606060606072, 0.6343434343434341, 0.13333333333333355, 9, 1, 0, 3, 0, 1, 1, 0, 1, 1, 0.6363636363636364, 0, 0.6666666666666666, 0, 0.6, 0.40000000000000036
112, 0.00416666666666668, 0.6305555555555522, 0.25833333333333297, 9, 1, 0, 3, 1, 0, 1, 0, 1, 1, 0.6666666666666666, 0, 0.625, 0.375, 0.6, 0.40000000000000036
113, 0.012499999999999983, 0.66388888888889, 0.18055555555555552, 9, 1, 0, 3, 1, 0, 1, 1, 0, 1, 0.6666666666666666, 0, 0.7, 0, 0.6666666666666666, 0.33333333333333304, 0.625, 0.375
114, 0.0023809523809523864, 0.6936507936507931, 0.11111111111111047, 9, 1, 0, 3, 1, 0, 1, 1, 1, 0, 0.7, 0, 0.7142857142857143, 0, 0.6666666666666666, 0.33333333333333304
115, 0.00670995670995668, 0.6995158962900895, 0.17885304659498166, 9, 1, 0, 3, 1, 1, 0, 1, 1, 0, 0.7142857142857143, 0, 0.7272727272727273, 0, 0.7, 0.29999999999999893, 0.6666666666666666, 0.33333333333333304
116, 0.005194805194805224, 0.7242694805194813, 0.1327380952380957, 9, 1, 0, 3, 1, 1, 0, 1, 1, 1, 0.7272727272727273, 0, 0.75, 0, 0.7142857142857143, 0.2857142857142865, 0.7, 0.29999999999999893
117, 0.007936507936507936, 0.747354497354496, 0.1369047619047621, 9, 1, 0, 3, 1, 1, 1, 0, 1, 1, 0.75, 0, 0.7777777777777778, 0, 0.75, 0.25, 0.7142857142857143, 0.2857142857142865
118, 0.002777777777777782, 0.7759259259259288, 0.08333333333333333, 9, 1, 0, 3, 1, 1, 1, 1, 0, 1, 0.7777777777777778, 0, 0.8, 0, 0.75, 0.25
119, 0.002777777777777754, 0.7759259259259266, 0.15740740740740744, 9, 1, 0, 4, 0, 1, 1, 1, 0, 1, 0.8, 0, 0.7777777777777778, 0.22222222222222143, 0.75, 0.25
120, 0.0040404040404040525, 0.798653198653195, 0.10740740740740737, 9, 1, 0, 4, 0, 1, 1, 1, 1, 0, 0.8, 0, 0.8181818181818182, 0, 0.8, 0.20000000000000018, 0.7777777777777778, 0.22222222222222143
121, 0.001515151515151511, 0.8171717171717208, 0.06666666666666651, 9, 1, 0, 4, 0, 1, 1, 1, 1, 1, 0.8181818181818182, 0, 0.8333333333333334, 0, 0.8, 0.20000000000000018
122, 0.004761904761904745, 0.8301587301587303, 0.09444444444444434, 9, 1, 0, 4, 1, 0, 1, 1, 1, 1, 0.8333333333333334, 0, 0.8571428571428571, 0, 0.8333333333333334, 0.16666666666666607, 0.8, 0.20000000000000018
123, 0.0029761904761904795, 0.8551587301587321, 0.0793650793650793, 9, 1, 0, 4, 1, 1, 0, 1, 1, 1, 0.8571428571428571, 0, 0.875, 0, 0.8571428571428571, 0.14285714285714324, 0.8333333333333334, 0.16666666666666607
124, 0.001984126984126977, 0.873677248677251, 0.06845238095238138, 9, 1, 0, 4, 1, 1, 1, 0, 1, 1, 0.875, 0, 0.8888888888888888, 0, 0.875, 0.125, 0.8571428571428571, 0.14285714285714324
125, 0.001388888888888884, 0.8879629629629613, 0.060185185185185, 9, 1, 0, 4, 1, 1, 1, 1, 0, 1, 0.8888888888888888, 0, 0.9, 0, 0.8888888888888888, 0.11111111111111072, 0.875, 0.125
126, 0.0010101010101010027, 0.8993265993266016, 0.0537037037037038, 9, 1, 0, 4, 1, 1, 1, 1, 1, 0, 0.9, 0, 0.9090909090909091, 0, 0.9, 0.09999999999999964, 0.8888888888888888, 0.11111111111111072
127, 0.004545454545454533, 0.9363636363636358, 0.033333333333333194, 9, 1, 0, 4, 1, 1, 1, 1, 1, 1, 0.9090909090909091, 0, 1, 0, 0.9, 0.09999999999999964
128, 0.03333333333333338, 0.9111111111111111, 0.3111111111111114, 9, 1, 1, 3, 1, 1, 1, 1, 1, 1, 1, 0, 0.8333333333333334, 0.8333333333333334, 0.9, 0.09999999999999964
129, 0.009595959595959602, 0.8573276625908218, 0.49514442672337416, 9, 1, 1, 3, 1, 1, 1, 1, 1, 0, 0.8333333333333334, 0.8333333333333334, 0.8181818181818182, 0.8181818181818182, 0.8888888888888888, 0.11111111111111072, 0.9, 0.09999999999999964
130, 0.011237373737373657, 0.8427127076003517, 0.4907568191276067, 9, 1, 1, 3, 1, 1, 1, 1, 0, 1, 0.8181818181818182, 0.8181818181818182, 0.8, 0.8, 0.875, 0.125, 0.8888888888888888, 0.11111111111111072
131, 0.013293650793650802, 0.8246999131327489, 0.4858584063807948, 9, 1, 1, 3, 1, 1, 1, 0, 1, 1, 0.8, 0.8, 0.7777777777777778, 0.7777777777777778, 0.8571428571428571, 0.14285714285714324, 0.875, 0.125
132, 0.015873015873015928, 0.8019179894179876, 0.4804894179894181, 9, 1, 1, 3, 1, 1, 0, 1, 1, 1, 0.7777777777777778, 0.7777777777777778, 0.75, 0.75, 0.8333333333333334, 0.16666666666666607, 0.8571428571428571, 0.14285714285714324
133, 0.008333333333333248, 0.794444444444448, 0.3722222222222231, 9, 1, 1, 3, 1, 0, 1, 1, 1, 1, 0.75, 0.75, 0.8, 0.20000000000000018, 0.8333333333333334, 0.16666666666666607
134, 0.00909090909090915, 0.7590909090909053, 0.5382575757575747, 9, 1, 1, 3, 1, 0, 1, 1, 1, 0, 0.75, 0.75, 0.7272727272727273, 0.7272727272727273, 0.75, 0.5, 0.8, 0.20000000000000018
135, 0.00162337662337661, 0.7305194805194802, 0.6471861471861484, 9, 1, 1, 3, 1, 0, 1, 1, 0, 1, 0.7272727272727273, 0.7272727272727273, 0.7142857142857143, 0.7142857142857143, 0.75, 0.5
136, 0.011507936507936523, 0.7393085203430043, 0.45929574895092184, 9, 1, 1, 3, 0, 1, 1, 1, 0, 1, 0.7142857142857143, 0.7142857142857143, 0.7, 0.7, 0.75, 0.25, 0.7777777777777778, 0.22222222222222143, 0.75, 0.5
137, 0.0027777777777778095, 0.7759259259259277, 0.3074074074074061, 9, 1, 1, 3, 0, 1, 1, 1, 1, 0, 0.7777777777777778, 0.22222222222222143, 0.8, 0.20000000000000018, 0.75, 0.5
138, 0.008333333333333276, 0.7055555555555575, 0.5388888888888902, 9, 1, 1, 3, 0, 1, 1, 0, 1, 1, 0.7, 0.7, 0.6666666666666666, 0.6666666666666666, 0.75, 0.25
139, 0.011904761904761862, 0.8968253968253982, 0.5634920634920633, 9, 1, 1, 4, 0, 1, 1, 1, 1, 1, 1, 0, 0.8571428571428571, 0.8571428571428571, 0.8333333333333334, 0.8333333333333334
140, 0.008928571428571452, 0.9107142857142835, 0.5773809523809522, 9, 1, 1, 4, 1, 0, 1, 1, 1, 1, 1, 0, 0.875, 0.875, 0.8571428571428571, 0.8571428571428571
141, 0.00694444444444442, 0.9212962962962973, 0.587962962962964, 9, 1, 1, 4, 1, 1, 0, 1, 1, 1, 1, 0, 0.8888888888888888, 0.8888888888888888, 0.875, 0.875
142, 0.005555555555555591, 0.9296296296296254, 0.5962962962962953, 9, 1, 1, 4, 1, 1, 1, 0, 1, 1, 1, 0, 0.9, 0.9, 0.8888888888888888, 0.8888888888888888
143, 0.004545454545454519, 0.9363636363636428, 0.6030303030303014, 9, 1, 1, 4, 1, 1, 1, 1, 0, 1, 1, 0, 0.9090909090909091, 0.9090909090909091, 0.9, 0.9
144, 0.0037878787878787845, 0.9419191919191823, 0.6085858585858587, 9, 1, 1, 4, 1, 1, 1, 1, 1, 0, 1, 0, 0.9166666666666666, 0.9166666666666666, 0.9090909090909091, 0.9090909090909091
145, 0.041666666666666685, 0.9722222222222228, 0.638888888888889, 9, 1, 1, 4, 1, 1, 1, 1, 1, 1, 1, 0, 1, 1, 0.9166666666666666, 0.9166666666666666
146, 0.005952380952380931, 0.7103174603174599, 0.4007936507936528, 9, 1, 1, 2, 1, 1, 1, 0, 1, 1, 0.6666666666666666, 0.6666666666666666, 0.7142857142857143, 0.2857142857142865, 0.75, 0.25
147, 0.002380952380952428, 0.6936507936507926, 0.4174603174603159, 9, 1, 1, 2, 1, 1, 0, 1, 1, 1, 0.6666666666666666, 0.6666666666666666, 0.7, 0.29999999999999893, 0.7142857142857143, 0.2857142857142865
148, 0.010606060606060619, 0.6676767676767678, 0.48672438672438584, 9, 1, 1, 2, 1, 1, 0, 1, 1, 0, 0.6666666666666666, 0.6666666666666666, 0.6363636363636364, 0.6363636363636364, 0.6666666666666666, 0.33333333333333304, 0.7, 0.29999999999999893
149, 0.0018939393939393923, 0.6426767676767692, 0.5315656565656572, 9, 1, 1, 2, 1, 1, 0, 1, 0, 1, 0.6363636363636364, 0.6363636363636364, 0.625, 0.625, 0.6666666666666666, 0.33333333333333304
150, 0.008333333333333304, 0.6305555555555553, 0.47777777777777813, 9, 1, 1, 2, 1, 0, 1, 1, 0, 1, 0.625, 0.625, 0.6, 0.6, 0.625, 0.375, 0.6666666666666666, 0.33333333333333304
151, 0.004166666666666652, 0.6027777777777797, 0.4861111111111122, 9, 1, 1, 2, 1, 0, 1, 0, 1, 1, 0.6, 0.6, 0.5833333333333334, 0.5833333333333334, 0.6, 0.40000000000000036, 0.625, 0.375
152, 0.001190476190476214, 0.5849206349206338, 0.5182539682539644, 9, 1, 1, 2, 1, 0, 1, 0, 1, 0, 0.5833333333333334, 0.5833333333333334, 0.5714285714285714, 0.5714285714285714, 0.6, 0.40000000000000036
153, 0.0031746031746031633, 0.5756613756613748, 0.4851851851851854, 9, 1, 1, 2, 0, 1, 1, 0, 1, 0, 0.5714285714285714, 0.5714285714285714, 0.5555555555555556, 0.5555555555555556, 0.5714285714285714, 0.4285714285714288, 0.6, 0.40000000000000036
154, 0.0014430014430014265, 0.5574795574795597, 0.4913419913419934, 9, 1, 1, 2, 0, 1, 0, 1, 1, 0, 0.5555555555555556, 0.5555555555555556, 0.5454545454545454, 0.5454545454545454, 0.5555555555555556, 0.44444444444444464, 0.5714285714285714, 0.4285714285714288
155, 0.0025252525252525276, 0.5336700336700325, 0.4966329966329961, 9, 1, 1, 2, 0, 1, 0, 1, 0, 1, 0.5454545454545454, 0.5454545454545454, 0.5, 0.5, 0.5555555555555556, 0.44444444444444464
