nr, area, centroidx, centroidy, numBars, pixPerBar0, ..., pixPerBarN, vertex1x, vertex1y, vertex2x, ...
0, 0.041666666666666664, 0.027777777777777776, 0.36111111111111105, 9, 0, 0, 0, 0, 0, 0, 0, 0, 0, 0, 0, 0.08333333333333333, 0.08333333333333333, 0, 1
1, 0.0037878787878787915, 0.05808080808080805, 0.3914141414141412, 9, 0, 0, 0, 0, 0, 0, 0, 0, 1, 0.08333333333333333, 0.08333333333333333, 0.09090909090909091, 0.09090909090909091, 0, 1
2, 0.004545454545454547, 0.06363636363636367, 0.39696969696969775, 9, 0, 0, 0, 0, 0, 0, 0, 1, 0, 0.09090909090909091, 0.09090909090909091, 0.1, 0.1, 0, 1
3, 0.00555555555555555, 0.07037037037037036, 0.4037037037037035, 9, 0, 0, 0, 0, 0, 0, 1, 0, 0, 0.1, 0.1, 0.1111111111111111, 0.1111111111111111, 0, 1
4, 0.0069444444444444475, 0.07870370370370368, 0.41203703703703703, 9, 0, 0, 0, 0, 0, 1, 0, 0, 0, 0.1111111111111111, 0.1111111111111111, 0.125, 0.125, 0, 1
5, 0.02083333333333333, 0.09722222222222224, 0.4305555555555557, 9, 0, 0, 0, 0, 1, 0, 0, 0, 0, 0.125, 0.125, 0.16666666666666666, 0.16666666666666666, 0, 1
6, 0.011904761904761904, 0.10317460317460322, 0.5317460317460317, 9, 0, 0, 0, 1, 0, 0, 0, 0, 0, 0.16666666666666666, 0.16666666666666666, 0.14285714285714285, 0.4285714285714286, 0, 1
7, 0.003246753246753248, 0.1637806637806638, 0.2775372775372775, 9, 0, 0, 0, 1, 0, 0, 0, 0, 1, 0.16666666666666666, 0.16666666666666666, 0.18181818181818182, 0.18181818181818182, 0.16666666666666666, 0.33333333333333326, 0.14285714285714285, 0.4285714285714286
8, 0.0015151515151515145, 0.1828282828282828, 0.23838383838383817, 9, 0, 0, 0, 1, 0, 0, 0, 1, 0, 0.18181818181818182, 0.18181818181818182, 0.2, 0.2, 0.16666666666666666, 0.33333333333333326
9, 0.009722222222222247, 0.1533068783068782, 0.5514550264550256, 9, 0, 0, 1, 0, 0, 0, 0, 1, 0, 0.2, 0.2, 0.125, 0.875, 0.1111111111111111, 0.8888888888888888, 0.16666666666666666, 0.33333333333333326
10, 0.0063492063492063405, 0.13187830687830696, 0.6210978835978834, 9, 0, 0, 1, 0, 0, 0, 0, 0, 1, 0.1111111111111111, 0.8888888888888888, 0.1, 0.8999999999999999, 0.14285714285714285, 0.4285714285714286, 0.16666666666666666, 0.33333333333333326
11, 0.021428571428571422, 0.08095238095238096, 0.7761904761904761, 9, 0, 0, 1, 0, 0, 0, 0, 0, 0, 0.1, 0.8999999999999999, 0, 1, 0.14285714285714285, 0.4285714285714286
12, 0.013293650793650788, 0.17530008686725101, 0.5141415936192061, 9, 0, 0, 1, 0, 0, 0, 1, 0, 0, 0.2, 0.2, 0.2222222222222222, 0.2222222222222222, 0.14285714285714285, 0.8571428571428572, 0.125, 0.875
13, 0.015873015873015858, 0.19808201058201064, 0.5195105820105819, 9, 0, 0, 1, 0, 0, 1, 0, 0, 0, 0.2222222222222222, 0.2222222222222222, 0.25, 0.25, 0.16666666666666666, 0.8333333333333333, 0.14285714285714285, 0.8571428571428572
14, 0.008333333333333331, 0.20555555555555582, 0.6277777777777778, 9, 0, 0, 1, 0, 1, 0, 0, 0, 0, 0.25, 0.25, 0.2, 0.7999999999999998, 0.16666666666666666, 0.8333333333333333
15, 0.011868686868686834, 0.23696898058600196, 0.5157711870477829, 9, 0, 0, 1, 0, 1, 0, 0, 0, 1, 0.25, 0.25, 0.2727272727272727, 0.2727272727272727, 0.2222222222222222, 0.7777777777777777, 0.2, 0.7999999999999998
16, 0.013131313131313133, 0.26177803677803685, 0.5174760424760425, 9, 0, 0, 1, 0, 1, 0, 0, 1, 0, 0.2727272727272727, 0.2727272727272727, 0.3, 0.3, 0.25, 0.75, 0.2222222222222222, 0.7777777777777777
17, 0.00833333333333336, 0.2944444444444438, 0.46111111111111014, 9, 0, 0, 1, 0, 1, 0, 1, 0, 0, 0.3, 0.3, 0.3333333333333333, 0.3333333333333333, 0.25, 0.75
18, 0.005952380952380945, 0.2896825396825402, 0.5992063492063497, 9, 0, 0, 1, 1, 0, 0, 1, 0, 0, 0.3333333333333333, 0.3333333333333333, 0.2857142857142857, 0.7142857142857144, 0.25, 0.75
19, 0.0023809523809523864, 0.306349206349206, 0.5825396825396826, 9, 0, 0, 1, 1, 0, 1, 0, 0, 0, 0.3333333333333333, 0.3333333333333333, 0.3, 0.6999999999999997, 0.2857142857142857, 0.7142857142857144
20, 0.010606060606060605, 0.33232323232323246, 0.5132756132756131, 9, 0, 0, 1, 1, 0, 1, 0, 0, 1, 0.3333333333333333, 0.3333333333333333, 0.36363636363636365, 0.36363636363636365, 0.3333333333333333, 0.6666666666666667, 0.3, 0.6999999999999997
21, 0.0018939393939393784, 0.3573232323232322, 0.46843434343434615, 9, 0, 0, 1, 1, 0, 1, 0, 1, 0, 0.36363636363636365, 0.36363636363636365, 0.375, 0.375, 0.3333333333333333, 0.6666666666666667
22, 0.0041666666666666935, 0.3694444444444443, 0.4805555555555554, 9, 0, 0, 1, 1, 1, 0, 0, 1, 0, 0.375, 0.375, 0.4, 0.4, 0.3333333333333333, 0.6666666666666667
23, 0.004166666666666638, 0.3694444444444448, 0.5638888888888888, 9, 0, 0, 2, 0, 1, 0, 0, 1, 0, 0.4, 0.4, 0.375, 0.625, 0.3333333333333333, 0.6666666666666667
24, 0.004166666666666666, 0.3972222222222217, 0.5138888888888888, 9, 0, 0, 2, 0, 1, 0, 1, 0, 0, 0.4, 0.4, 0.4166666666666667, 0.4166666666666667, 0.4, 0.5999999999999996, 0.375, 0.625
25, 0.0043650793650793634, 0.4218133718133719, 0.5057960557960555, 9, 0, 0, 2, 0, 1, 0, 1, 0, 1, 0.4166666666666667, 0.4166666666666667, 0.4444444444444444, 0.4444444444444444, 0.42857142857142855, 0.5714285714285716, 0.4, 0.5999999999999996
26, 0.0014430014430014543, 0.4425204425204414, 0.508658008658008, 9, 0, 0, 2, 0, 1, 1, 0, 0, 1, 0.4444444444444444, 0.4444444444444444, 0.45454545454545453, 0.45454545454545453, 0.4444444444444444, 0.5555555555555554, 0.42857142857142855, 0.5714285714285716
27, 0.0025252525252525138, 0.4663299663299664, 0.5033670033670039, 9, 0, 0, 2, 0, 1, 1, 0, 1, 0, 0.45454545454545453, 0.45454545454545453, 0.5, 0.5, 0.4444444444444444, 0.5555555555555554
28, 0.011111111111111127, 0.44814814814814846, 0.6851851851851845, 9, 0, 1, 1, 0, 1, 1, 0, 1, 0, 0.5, 0.5, 0.4, 1, 0.4444444444444444, 0.5555555555555554
29, 0.008531746031746015, 0.4098037406176943, 0.8020179648086639, 9, 0, 1, 1, 0, 1, 1, 0, 0, 1, 0.4, 1, 0.375, 1, 0.42857142857142855, 0.5714285714285716, 0.4444444444444444, 0.5555555555555554
30, 0.007629870129870139, 0.39474302293451247, 0.766362715298885, 9, 0, 1, 1, 0, 1, 0, 1, 0, 1, 0.375, 1, 0.36363636363636365, 1, 0.4, 0.5999999999999996, 0.42857142857142855, 0.5714285714285716
31, 0.010227272727272738, 0.36719977553310906, 0.8157407407407402, 9, 0, 1, 1, 0, 1, 0, 1, 0, 0, 0.36363636363636365, 1, 0.3333333333333333, 1, 0.375, 0.625, 0.4, 0.5999999999999996
32, 0.012500000000000011, 0.33611111111111097, 0.8194444444444441, 9, 0, 1, 1, 0, 1, 0, 0, 1, 0, 0.3333333333333333, 1, 0.3, 1, 0.3333333333333333, 0.6666666666666667, 0.375, 0.625
33, 0.0023809523809523864, 0.306349206349205, 0.8888888888888876, 9, 0, 1, 1, 0, 1, 0, 0, 0, 1, 0.3, 1, 0.2857142857142857, 1, 0.3333333333333333, 0.6666666666666667
34, 0.004329004329004335, 0.29725829725829733, 0.865079365079364, 9, 0, 1, 1, 0, 0, 1, 0, 0, 1, 0.2857142857142857, 1, 0.2727272727272727, 1, 0.2857142857142857, 0.8571428571428572, 0.3333333333333333, 0.6666666666666667
35, 0.001623376623376624, 0.26948051948051954, 0.9523809523809516, 9, 0, 1, 1, 0, 0, 1, 0, 0, 0, 0.2727272727272727, 1, 0.25, 1, 0.2857142857142857, 0.8571428571428572
36, 0.0071428571428571175, 0.4428571428571433, 0.8333333333333346, 9, 0, 1, 1, 1, 0, 1, 0, 1, 0, 0.5, 0.5, 0.42857142857142855, 1, 0.4, 1
37, 0.003968253968253982, 0.4576719576719557, 0.8333333333333321, 9, 0, 1, 1, 1, 1, 0, 0, 1, 0, 0.5, 0.5, 0.4444444444444444, 1, 0.42857142857142855, 1
38, 0.0025252525252525138, 0.4663299663299655, 0.8333333333333351, 9, 0, 1, 1, 1, 1, 0, 1, 0, 0, 0.5, 0.5, 0.45454545454545453, 1, 0.4444444444444444, 1
39, 0.022727272727272735, 0.5000000000000002, 0.757575757575758, 9, 0, 1, 1, 1, 1, 0, 1, 0, 1, 0.5, 0.5, 0.5454545454545454, 0.5454545454545454, 0.5, 1, 0.45454545454545453, 1
40, 0.0025252525252525415, 0.5336700336700323, 0.7003367003366989, 9, 0, 1, 1, 1, 1, 0, 1, 1, 0, 0.5454545454545454, 0.5454545454545454, 0.5555555555555556, 0.5555555555555556, 0.5, 1
41, 0.009920634920634913, 0.5478835978835973, 0.7288359788359793, 9, 0, 1, 1, 1, 1, 1, 0, 1, 0, 0.5555555555555556, 0.5555555555555556, 0.5833333333333334, 0.5833333333333334, 0.5714285714285714, 0.7142857142857144, 0.5, 1
42, 0.001190476190476214, 0.58492063492063, 0.6325396825396778, 9, 0, 1, 1, 1, 1, 1, 0, 1, 1, 0.5833333333333334, 0.5833333333333334, 0.6, 0.6, 0.5714285714285714, 0.7142857142857144
43, 0.004617604617604604, 0.5699795574795584, 0.8130952380952413, 9, 0, 1, 2, 0, 1, 1, 0, 1, 1, 0.6, 0.6, 0.5555555555555556, 1, 0.5454545454545454, 1, 0.5714285714285714, 0.7142857142857144
44, 0.006493506493506496, 0.5389610389610384, 0.9047619047619045, 9, 0, 1, 2, 0, 1, 1, 0, 1, 0, 0.5454545454545454, 1, 0.5, 1, 0.5714285714285714, 0.7142857142857144
45, 0.00853174603174603, 0.5901962593823069, 0.7881782945736422, 9, 0, 1, 2, 0, 1, 1, 1, 0, 1, 0.6, 0.6, 0.625, 0.625, 0.5714285714285714, 1, 0.5555555555555556, 1
46, 0.0076298701298701255, 0.6052569770654874, 0.8388942617666022, 9, 0, 1, 2, 0, 2, 0, 1, 0, 1, 0.625, 0.625, 0.6363636363636364, 0.6363636363636364, 0.6, 1, 0.5714285714285714, 1
47, 0.006060606060606044, 0.6343434343434339, 0.7676767676767685, 9, 0, 1, 2, 0, 2, 0, 1, 1, 0, 0.6363636363636364, 0.6363636363636364, 0.6666666666666666, 0.6666666666666666, 0.6, 1
48, 0.00416666666666668, 0.6305555555555544, 0.8888888888888874, 9, 0, 1, 2, 1, 1, 0, 1, 1, 0, 0.6666666666666666, 0.6666666666666666, 0.625, 1, 0.6, 1
49, 0.0018939393939393923, 0.6426767676767692, 0.8888888888888905, 9, 0, 1, 2, 1, 1, 1, 0, 1, 0, 0.6666666666666666, 0.6666666666666666, 0.6363636363636364, 1, 0.625, 1
50, 0.010606060606060591, 0.6676767676767686, 0.836507936507937, 9, 0, 1, 2, 1, 1, 1, 0, 1, 1, 0.6666666666666666, 0.6666666666666666, 0.7, 0.7, 0.6666666666666666, 1, 0.6363636363636364, 1
51, 0.009090909090909122, 0.6979797979797974, 0.8590909090909079, 9, 0, 1, 2, 1, 1, 1, 1, 0, 1, 0.7, 0.7, 0.7272727272727273, 0.7272727272727273, 0.7, 1, 0.6666666666666666, 1
52, 0.0051948051948051965, 0.7242694805194816, 0.8570075757575758, 9, 0, 1, 2, 1, 1, 1, 1, 1, 0, 0.7272727272727273, 0.7272727272727273, 0.75, 0.75, 0.7142857142857143, 1, 0.7, 1
53, 0.0016233766233766378, 0.7305194805194792, 0.9166666666666666, 9, 0, 1, 2, 1, 2, 0, 1, 1, 0, 0.75, 0.75, 0.7272727272727273, 1, 0.7142857142857143, 1
54, 0.0063131313131312705, 0.7516835016835022, 0.8759259259259269, 9, 0, 1, 2, 1, 2, 0, 1, 1, 1, 0.75, 0.75, 0.7777777777777778, 0.7777777777777778, 0.75, 1, 0.7272727272727273, 1
55, 0.002777777777777768, 0.7759259259259293, 0.8592592592592626, 9, 0, 1, 2, 1, 2, 1, 0, 1, 1, 0.7777777777777778, 0.7777777777777778, 0.8, 0.8, 0.75, 1
56, 0.0027777777777778234, 0.7759259259259238, 0.9333333333333274, 9, 0, 1, 3, 0, 2, 1, 0, 1, 1, 0.8, 0.8, 0.7777777777777778, 1, 0.75, 1
57, 0.004040404040404011, 0.7986531986531986, 0.9060606060606086, 9, 0, 1, 3, 0, 2, 1, 1, 0, 1, 0.8, 0.8, 0.8181818181818182, 0.8181818181818182, 0.8, 1, 0.7777777777777778, 1
58, 0.001515151515151525, 0.8171717171717133, 0.8838383838383861, 9, 0, 1, 3, 0, 2, 1, 1, 1, 0, 0.8181818181818182, 0.8181818181818182, 0.8333333333333334, 0.8333333333333334, 0.8, 1
59, 0.001515151515151525, 0.8171717171717194, 0.9444444444444383, 9, 0, 1, 3, 1, 1, 1, 1, 1, 0, 0.8333333333333334, 0.8333333333333334, 0.8181818181818182, 1, 0.8, 1
60, 0.006222943722943686, 0.8452773072338308, 0.9245169082125618, 9, 0, 1, 3, 1, 1, 1, 1, 1, 1, 0.8333333333333334, 0.8333333333333334, 0.875, 0.875, 0.8571428571428571, 1, 0.8181818181818182, 1
61, 0.0019841269841270326, 0.8736772486772406, 0.942129629629623, 9, 0, 1, 3, 1, 2, 0, 1, 1, 1, 0.875, 0.875, 0.8888888888888888, 0.8888888888888888, 0.875, 1, 0.8571428571428571, 1
62, 0.001388888888888884, 0.8879629629629613, 0.948148148148148, 9, 0, 1, 3, 1, 2, 1, 0, 1, 1, 0.8888888888888888, 0.8888888888888888, 0.9, 0.9, 0.8888888888888888, 1, 0.875, 1
63, 0.0010101010101010166, 0.8993265993265984, 0.9530303030303026, 9, 0, 1, 3, 1, 2, 1, 1, 0, 1, 0.9, 0.9, 0.9090909090909091, 0.9090909090909091, 0.9, 1, 0.8888888888888888, 1
64, 0.0007575757575757347, 0.9085858585858655, 0.9570707070707152, 9, 0, 1, 3, 1, 2, 1, 1, 1, 0, 0.9090909090909091, 0.9090909090909091, 0.9166666666666666, 0.9166666666666666, 0.9090909090909091, 1, 0.9, 1
65, 0.0037878787878787845, 0.9419191919191933, 0.9722222222222227, 9, 0, 1, 3, 1, 2, 1, 1, 1, 1, 0.9166666666666666, 0.9166666666666666, 1, 1, 0.9090909090909091, 1
66, 0.0035714285714285726, 0.27857142857142825, 0.8285714285714298, 9, 0, 1, 0, 1, 0, 1, 0, 0, 0, 0.25, 1, 0.2857142857142857, 0.7142857142857144, 0.3, 0.6999999999999997, 0.2857142857142857, 0.8571428571428572
67, 0.0023809523809523586, 0.3063492063492086, 0.7412698412698455, 9, 0, 1, 0, 1, 0, 1, 0, 0, 1, 0.3, 0.6999999999999997, 0.3333333333333333, 0.6666666666666667, 0.2857142857142857, 0.8571428571428572
68, 0.007936507936507936, 0.25264550264550273, 0.8630952380952384, 9, 0, 1, 0, 1, 0, 0, 1, 0, 0, 0.25, 1, 0.2222222222222222, 1, 0.25, 0.75, 0.2857142857142857, 0.7142857142857144
69, 0.002777777777777782, 0.2240740740740737, 0.9166666666666654, 9, 0, 1, 0, 1, 0, 0, 0, 1, 0, 0.2222222222222222, 1, 0.2, 1, 0.25, 0.75
70, 0.002777777777777782, 0.22407407407407412, 0.8425925925925924, 9, 0, 1, 0, 0, 1, 0, 0, 1, 0, 0.2, 1, 0.2222222222222222, 0.7777777777777777, 0.25, 0.75
71, 0.004040404040404039, 0.20134680134680144, 0.8925925925925926, 9, 0, 1, 0, 0, 1, 0, 0, 0, 1, 0.2, 1, 0.18181818181818182, 1, 0.2, 0.7999999999999998, 0.2222222222222222, 0.7777777777777777
72, 0.006277056277056291, 0.1729760660795142, 0.9122605363984672, 9, 0, 1, 0, 0, 1, 0, 0, 0, 0, 0.18181818181818182, 1, 0.14285714285714285, 1, 0.16666666666666666, 0.8333333333333333, 0.2, 0.7999999999999998
73, 0.0029761904761904795, 0.14484126984126977, 0.9206349206349201, 9, 0, 1, 0, 0, 0, 1, 0, 0, 0, 0.14285714285714285, 1, 0.125, 1, 0.14285714285714285, 0.8571428571428572, 0.16666666666666666, 0.8333333333333333
74, 0.001984126984126977, 0.12632275132275142, 0.9315476190476204, 9, 0, 1, 0, 0, 0, 0, 1, 0, 0, 0.125, 1, 0.1111111111111111, 1, 0.125, 0.875, 0.14285714285714285, 0.8571428571428572
75, 0.001388888888888891, 0.11203703703703696, 0.9398148148148144, 9, 0, 1, 0, 0, 0, 0, 0, 1, 0, 0.1111111111111111, 1, 0.1, 1, 0.1111111111111111, 0.8888888888888888, 0.125, 0.875
76, 0.0010101010101010166, 0.10067340067340046, 0.9462962962962946, 9, 0, 1, 0, 0, 0, 0, 0, 0, 1, 0.1, 1, 0.09090909090909091, 1, 0.1, 0.8999999999999999, 0.1111111111111111, 0.8888888888888888
77, 0.004545454545454547, 0.0636363636363636, 0.9666666666666667, 9, 0, 1, 0, 0, 0, 0, 0, 0, 0, 0.09090909090909091, 1, 0, 1, 0.1, 0.8999999999999999
78, 0.003787878787878788, 0.05808080808080809, 0.027777777777777776, 9, 1, 0, 0, 0, 0, 0, 0, 0, 0, 0, 0, 0.09090909090909091, 0, 0.08333333333333333, 0.08333333333333333
79, 0.0007575757575757581, 0.0914141414141414, 0.04292929292929293, 9, 1, 0, 0, 0, 0, 0, 0, 0, 1, 0.09090909090909091, 0, 0.1, 0, 0.09090909090909091, 0.09090909090909091, 0.08333333333333333, 0.08333333333333333
80, 0.0010101010101010097, 0.10067340067340065, 0.046969696969696974, 9, 1, 0, 0, 0, 0, 0, 0, 1, 0, 0.1, 0, 0.1111111111111111, 0, 0.1, 0.1, 0.09090909090909091, 0.09090909090909091
81, 0.0013888888888888883, 0.11203703703703706, 0.051851851851851864, 9, 1, 0, 0, 0, 0, 0, 1, 0, 0, 0.1111111111111111, 0, 0.125, 0, 0.1111111111111111, 0.1111111111111111, 0.1, 0.1
82, 0.001984126984126984, 0.12632275132275128, 0.05787037037037037, 9, 1, 0, 0, 0, 0, 1, 0, 0, 0, 0.125, 0, 0.14285714285714285, 0, 0.125, 0.125, 0.1111111111111111, 0.1111111111111111
83, 0.006222943722943724, 0.15472269276617107, 0.07548309178743959, 9, 1, 0, 0, 0, 1, 0, 0, 0, 0, 0.14285714285714285, 0, 0.18181818181818182, 0, 0.16666666666666666, 0.16666666666666666, 0.125, 0.125
84, 0.0015151515151515145, 0.1828282828282828, 0.05555555555555555, 9, 1, 0, 0, 0, 1, 0, 0, 0, 1, 0.18181818181818182, 0, 0.2, 0, 0.16666666666666666, 0.16666666666666666
85, 0.001515151515151518, 0.18282828282828278, 0.11616161616161609, 9, 1, 0, 0, 1, 0, 0, 0, 0, 1, 0.2, 0, 0.18181818181818182, 0.18181818181818182, 0.16666666666666666, 0.16666666666666666
86, 0.004040404040404039, 0.2013468013468013, 0.09393939393939395, 9, 1, 0, 0, 1, 0, 0, 0, 1, 0, 0.2, 0, 0.2222222222222222, 0, 0.2, 0.2, 0.18181818181818182, 0.18181818181818182
87, 0.0027777777777777783, 0.2240740740740742, 0.06666666666666678, 9, 1, 0, 0, 1, 0, 0, 1, 0, 0, 0.2222222222222222, 0, 0.25, 0, 0.2, 0.2
88, 0.002777777777777775, 0.22407407407407406, 0.14074074074074072, 9, 1, 0, 1, 0, 0, 0, 1, 0, 0, 0.25, 0, 0.2222222222222222, 0.2222222222222222, 0.2, 0.2
89, 0.006313131313131312, 0.24831649831649838, 0.12407407407407407, 9, 1, 0, 1, 0, 0, 1, 0, 0, 0, 0.25, 0, 0.2727272727272727, 0, 0.25, 0.25, 0.2222222222222222, 0.2222222222222222
90, 0.001623376623376624, 0.2694805194805188, 0.08333333333333333, 9, 1, 0, 1, 0, 0, 1, 0, 0, 1, 0.2727272727272727, 0, 0.2857142857142857, 0, 0.25, 0.25
91, 0.00519480519480519, 0.27573051948051963, 0.14299242424242428, 9, 1, 0, 1, 0, 1, 0, 0, 0, 1, 0.2857142857142857, 0, 0.3, 0, 0.2727272727272727, 0.2727272727272727, 0.25, 0.25
92, 0.009090909090909094, 0.3020202020202019, 0.14090909090909085, 9, 1, 0, 1, 0, 1, 0, 0, 1, 0, 0.3, 0, 0.3333333333333333, 0, 0.3, 0.3, 0.2727272727272727, 0.2727272727272727
93, 0.010606060606060612, 0.33232323232323246, 0.1634920634920634, 9, 1, 0, 1, 0, 1, 0, 1, 0, 0, 0.3333333333333333, 0, 0.36363636363636365, 0, 0.3333333333333333, 0.3333333333333333, 0.3, 0.3
94, 0.0018939393939393923, 0.3573232323232308, 0.11111111111111131, 9, 1, 0, 1, 0, 1, 0, 1, 0, 1, 0.36363636363636365, 0, 0.375, 0, 0.3333333333333333, 0.3333333333333333
95, 0.004166666666666666, 0.3694444444444451, 0.11111111111111102, 9, 1, 0, 1, 0, 1, 1, 0, 0, 1, 0.375, 0, 0.4, 0, 0.3333333333333333, 0.3333333333333333
96, 0.006060606060606072, 0.36565656565656557, 0.23232323232323218, 9, 1, 0, 1, 1, 0, 1, 0, 0, 1, 0.4, 0, 0.36363636363636365, 0.36363636363636365, 0.3333333333333333, 0.3333333333333333
97, 0.007629870129870112, 0.3947430229345127, 0.16110573823339794, 9, 1, 0, 1, 1, 0, 1, 0, 1, 0, 0.4, 0, 0.42857142857142855, 0, 0.375, 0.375, 0.36363636363636365, 0.36363636363636365
98, 0.008531746031746043, 0.40980374061769353, 0.21182170542635642, 9, 1, 0, 1, 1, 1, 0, 0, 1, 0, 0.42857142857142855, 0, 0.4444444444444444, 0, 0.4, 0.4, 0.375, 0.375
99, 0.004617604617604604, 0.43002044252044264, 0.18690476190476218, 9, 1, 0, 1, 1, 1, 0, 1, 0, 0, 0.4444444444444444, 0, 0.45454545454545453, 0, 0.42857142857142855, 0.2857142857142856, 0.4, 0.4
100, 0.006493506493506496, 0.46103896103896125, 0.09523809523809508, 9, 1, 0, 1, 1, 1, 0, 1, 0, 1, 0.45454545454545453, 0, 0.5, 0, 0.42857142857142855, 0.2857142857142856
101, 0.009920634920634913, 0.4521164021164022, 0.27116402116402133, 9, 1, 0, 2, 0, 1, 0, 1, 0, 1, 0.5, 0, 0.4444444444444444, 0.4444444444444444, 0.4166666666666667, 0.4166666666666667, 0.42857142857142855, 0.2857142857142856
102, 0.0011904761904761932, 0.41507936507936566, 0.3674603174603179, 9, 1, 0, 2, 0, 1, 0, 1, 0, 0, 0.4166666666666667, 0.4166666666666667, 0.4, 0.4, 0.42857142857142855, 0.2857142857142856
103, 0.0025252525252525276, 0.4663299663299666, 0.299663299663299, 9, 1, 0, 2, 0, 1, 1, 0, 0, 1, 0.5, 0, 0.45454545454545453, 0.45454545454545453, 0.4444444444444444, 0.4444444444444444
104, 0.02272727272727272, 0.5000000000000001, 0.2424242424242425, 9, 1, 0, 2, 0, 1, 1, 0, 1, 0, 0.5, 0, 0.5454545454545454, 0, 0.5, 0.5, 0.45454545454545453, 0.45454545454545453
105, 0.0025252525252525415, 0.5336700336700323, 0.16666666666666666, 9, 1, 0, 2, 0, 1, 1, 0, 1, 1, 0.5454545454545454, 0, 0.5555555555555556, 0, 0.5, 0.5
106, 0.003968253968253954, 0.5423280423280411, 0.16666666666666666, 9, 1, 0, 2, 0, 1, 1, 1, 0, 1, 0.5555555555555556, 0, 0.5714285714285714, 0, 0.5, 0.5
107, 0.007142857142857145, 0.5571428571428585, 0.16666666666666666, 9, 1, 0, 2, 0, 2, 0, 1, 0, 1, 0.5714285714285714, 0, 0.6, 0, 0.5, 0.5
108, 0.011111111111111127, 0.5518518518518509, 0.31481481481481466, 9, 1, 0, 2, 1, 1, 0, 1, 0, 1, 0.6, 0, 0.5555555555555556, 0.44444444444444464, 0.5, 0.5
109, 0.00853174603174603, 0.5901962593823069, 0.19798203519133767, 9, 1, 0, 2, 1, 1, 0, 1, 1, 0, 0.6, 0, 0.625, 0, 0.5714285714285714, 0.4285714285714288, 0.5555555555555556, 0.44444444444444464
110, 0.007629870129870098, 0.6052569770654872, 0.23363728470111472, 9, 1, 0, 2, 1, 1, 1, 0, 1, 0, 0.625, 0, 0.6363636363636364, 0, 0.6, 0.39999999999999947, 0.5714285714285714, 0.4285714285714288
111, 0.010227272727272751, 0.6328002244668905, 0.18425925925925926, 9, 1, 0, 2, 1, 1, 1, 0, 1, 1, 0.6363636363636364, 0, 0.6666666666666666, 0, 0.625, 0.375, 0.6, 0.39999999999999947
112, 0.012500000000000011, 0.6638888888888884, 0.1805555555555553, 9, 1, 0, 2, 1, 1, 1, 1, 0, 1, 0.6666666666666666, 0, 0.7, 0, 0.6666666666666666, 0.3333333333333335, 0.625, 0.375
113, 0.0023809523809523864, 0.6936507936507931, 0.11111111111111144, 9, 1, 0, 2, 1, 1, 1, 1, 1, 0, 0.7, 0, 0.7142857142857143, 0, 0.6666666666666666, 0.3333333333333335
114, 0.004329004329004349, 0.7027417027417042, 0.13492063492063505, 9, 1, 0, 2, 1, 2, 0, 1, 1, 0, 0.7142857142857143, 0, 0.7272727272727273, 0, 0.7142857142857143, 0.14285714285714324, 0.6666666666666666, 0.3333333333333335
115, 0.001623376623376624, 0.7305194805194826, 0.04761904761904772, 9, 1, 0, 2, 1, 2, 0, 1, 1, 1, 0.7272727272727273, 0, 0.75, 0, 0.7142857142857143, 0.14285714285714324
116, 0.0035714285714285865, 0.7214285714285719, 0.1714285714285717, 9, 1, 0, 3, 0, 2, 0, 1, 1, 1, 0.75, 0, 0.7142857142857143, 0.2857142857142865, 0.7, 0.29999999999999893, 0.7142857142857143, 0.14285714285714324
117, 0.0023809523809523447, 0.6936507936507935, 0.25873015873015837, 9, 1, 0, 3, 0, 2, 0, 1, 1, 0, 0.7, 0.29999999999999893, 0.6666666666666666, 0.3333333333333335, 0.7142857142857143, 0.14285714285714324
118, 0.007936507936507936, 0.747354497354496, 0.1369047619047621, 9, 1, 0, 3, 0, 2, 1, 0, 1, 1, 0.75, 0, 0.7777777777777778, 0, 0.75, 0.25, 0.7142857142857143, 0.2857142857142865
119, 0.002777777777777782, 0.7759259259259288, 0.08333333333333333, 9, 1, 0, 3, 0, 2, 1, 1, 0, 1, 0.7777777777777778, 0, 0.8, 0, 0.75, 0.25
120, 0.002777777777777754, 0.7759259259259266, 0.15740740740740744, 9, 1, 0, 3, 1, 1, 1, 1, 0, 1, 0.8, 0, 0.7777777777777778, 0.22222222222222143, 0.75, 0.25
121, 0.004040404040404025, 0.7986531986531982, 0.10740740740740695, 9, 1, 0, 3, 1, 1, 1, 1, 1, 0, 0.8, 0, 0.8181818181818182, 0, 0.8, 0.1999999999999993, 0.7777777777777778, 0.22222222222222143
122, 0.006277056277056256, 0.8270239339204851, 0.08773946360153227, 9, 1, 0, 3, 1, 1, 1, 1, 1, 1, 0.8181818181818182, 0, 0.8571428571428571, 0, 0.8333333333333334, 0.16666666666666607, 0.8, 0.1999999999999993
123, 0.0029761904761904795, 0.8551587301587321, 0.0793650793650793, 9, 1, 0, 3, 1, 2, 0, 1, 1, 1, 0.8571428571428571, 0, 0.875, 0, 0.8571428571428571, 0.14285714285714324, 0.8333333333333334, 0.16666666666666607
124, 0.001984126984126977, 0.873677248677251, 0.06845238095238138, 9, 1, 0, 3, 1, 2, 1, 0, 1, 1, 0.875, 0, 0.8888888888888888, 0, 0.875, 0.125, 0.8571428571428571, 0.14285714285714324
125, 0.001388888888888884, 0.8879629629629613, 0.060185185185185, 9, 1, 0, 3, 1, 2, 1, 1, 0, 1, 0.8888888888888888, 0, 0.9, 0, 0.8888888888888888, 0.11111111111111072, 0.875, 0.125
126, 0.0010101010101010027, 0.8993265993266016, 0.0537037037037038, 9, 1, 0, 3, 1, 2, 1, 1, 1, 0, 0.9, 0, 0.9090909090909091, 0, 0.9, 0.09999999999999964, 0.8888888888888888, 0.11111111111111072
127, 0.004545454545454533, 0.9363636363636358, 0.033333333333333194, 9, 1, 0, 3, 1, 2, 1, 1, 1, 1, 0.9090909090909091, 0, 1, 0, 0.9, 0.09999999999999964
128, 0.021428571428571408, 0.9190476190476203, 0.22380952380952343, 9, 1, 1, 2, 1, 2, 1, 1, 1, 1, 1, 0, 0.8571428571428571, 0.5714285714285712, 0.9, 0.09999999999999964
129, 0.006349206349206382, 0.8681216931216924, 0.3789021164021148, 9, 1, 1, 2, 1, 2, 1, 1, 1, 0, 0.8571428571428571, 0.5714285714285712, 0.8333333333333334, 0.6666666666666661, 0.8888888888888888, 0.11111111111111072, 0.9, 0.09999999999999964
130, 0.009722222222222132, 0.8466931216931246, 0.4485449735449738, 9, 1, 1, 2, 1, 2, 1, 1, 0, 1, 0.8333333333333334, 0.6666666666666661, 0.8, 0.8, 0.875, 0.125, 0.8888888888888888, 0.11111111111111072
131, 0.013293650793650802, 0.8246999131327489, 0.4858584063807948, 9, 1, 1, 2, 1, 2, 1, 0, 1, 1, 0.8, 0.8, 0.7777777777777778, 0.7777777777777778, 0.8571428571428571, 0.14285714285714324, 0.875, 0.125
132, 0.015873015873015928, 0.8019179894179876, 0.4804894179894181, 9, 1, 1, 2, 1, 2, 0, 1, 1, 1, 0.7777777777777778, 0.7777777777777778, 0.75, 0.75, 0.8333333333333334, 0.16666666666666607, 0.8571428571428571, 0.14285714285714324
133, 0.008333333333333304, 0.7944444444444448, 0.3722222222222218, 9, 1, 1, 2, 1, 1, 1, 1, 1, 1, 0.75, 0.75, 0.8, 0.1999999999999993, 0.8333333333333334, 0.16666666666666607
134, 0.011868686868686945, 0.7630310194139973, 0.4842288129522157, 9, 1, 1, 2, 1, 1, 1, 1, 1, 0, 0.75, 0.75, 0.7272727272727273, 0.7272727272727273, 0.7777777777777778, 0.22222222222222143, 0.8, 0.1999999999999993
135, 0.013131313131313133, 0.7382219632219642, 0.48252395752395755, 9, 1, 1, 2, 1, 1, 1, 1, 0, 1, 0.7272727272727273, 0.7272727272727273, 0.7, 0.7, 0.75, 0.25, 0.7777777777777778, 0.22222222222222143
136, 0.008333333333333276, 0.7055555555555575, 0.5388888888888902, 9, 1, 1, 2, 1, 1, 1, 0, 1, 1, 0.7, 0.7, 0.6666666666666666, 0.6666666666666666, 0.75, 0.25
137, 0.005952380952380931, 0.7103174603174599, 0.4007936507936528, 9, 1, 1, 2, 0, 2, 1, 0, 1, 1, 0.6666666666666666, 0.6666666666666666, 0.7142857142857143, 0.2857142857142865, 0.75, 0.25
138, 0.002380952380952428, 0.6936507936507926, 0.4174603174603159, 9, 1, 1, 2, 0, 2, 0, 1, 1, 1, 0.6666666666666666, 0.6666666666666666, 0.7, 0.29999999999999893, 0.7142857142857143, 0.2857142857142865
139, 0.010606060606060605, 0.6676767676767678, 0.48672438672438606, 9, 1, 1, 2, 0, 2, 0, 1, 1, 0, 0.6666666666666666, 0.6666666666666666, 0.6363636363636364, 0.6363636363636364, 0.6666666666666666, 0.3333333333333335, 0.7, 0.29999999999999893
140, 0.0018939393939393923, 0.6426767676767692, 0.5315656565656572, 9, 1, 1, 2, 0, 2, 0, 1, 0, 1, 0.6363636363636364, 0.6363636363636364, 0.625, 0.625, 0.6666666666666666, 0.3333333333333335
141, 0.004166666666666666, 0.6305555555555565, 0.5194444444444447, 9, 1, 1, 2, 0, 1, 1, 1, 0, 1, 0.625, 0.625, 0.6, 0.6, 0.6666666666666666, 0.3333333333333335
142, 0.011904761904761973, 0.8968253968253929, 0.4682539682539671, 9, 1, 1, 3, 0, 2, 1, 1, 1, 1, 1, 0, 0.8333333333333334, 0.8333333333333334, 0.8571428571428571, 0.5714285714285712
143, 0.0032467532467532756, 0.8362193362193354, 0.7224627224627221, 9, 1, 1, 3, 0, 2, 1, 1, 1, 0, 0.8333333333333334, 0.8333333333333334, 0.8181818181818182, 0.8181818181818182, 0.8333333333333334, 0.6666666666666661, 0.8571428571428571, 0.5714285714285712
144, 0.001515151515151525, 0.8171717171717194, 0.7616161616161607, 9, 1, 1, 3, 0, 2, 1, 1, 0, 1, 0.8181818181818182, 0.8181818181818182, 0.8, 0.8, 0.8333333333333334, 0.6666666666666661
145, 0.020833333333333315, 0.9027777777777776, 0.5694444444444443, 9, 1, 1, 3, 1, 1, 1, 1, 1, 1, 1, 0, 0.875, 0.875, 0.8333333333333334, 0.8333333333333334
146, 0.00694444444444442, 0.9212962962962973, 0.587962962962964, 9, 1, 1, 3, 1, 2, 0, 1, 1, 1, 1, 0, 0.8888888888888888, 0.8888888888888888, 0.875, 0.875
147, 0.005555555555555591, 0.9296296296296254, 0.5962962962962953, 9, 1, 1, 3, 1, 2, 1, 0, 1, 1, 1, 0, 0.9, 0.9, 0.8888888888888888, 0.8888888888888888
148, 0.004545454545454519, 0.9363636363636428, 0.6030303030303014, 9, 1, 1, 3, 1, 2, 1, 1, 0, 1, 1, 0, 0.9090909090909091, 0.9090909090909091, 0.9, 0.9
149, 0.0037878787878787845, 0.9419191919191823, 0.6085858585858587, 9, 1, 1, 3, 1, 2, 1, 1, 1, 0, 1, 0, 0.9166666666666666, 0.9166666666666666, 0.9090909090909091, 0.9090909090909091
150, 0.041666666666666685, 0.9722222222222228, 0.638888888888889, 9, 1, 1, 3, 1, 2, 1, 1, 1, 1, 1, 0, 1, 1, 0.9166666666666666, 0.9166666666666666
151, 0.004166666666666638, 0.6305555555555552, 0.4361111111111112, 9, 1, 1, 1, 1, 1, 1, 1, 0, 1, 0.6, 0.6, 0.625, 0.375, 0.6666666666666666, 0.3333333333333335
152, 0.004166666666666666, 0.6027777777777789, 0.4861111111111117, 9, 1, 1, 1, 1, 1, 1, 0, 1, 1, 0.6, 0.6, 0.5833333333333334, 0.5833333333333334, 0.6, 0.39999999999999947, 0.625, 0.375
153, 0.004365079365079391, 0.5781866281866276, 0.494203944203943, 9, 1, 1, 1, 1, 1, 1, 0, 1, 0, 0.5833333333333334, 0.5833333333333334, 0.5555555555555556, 0.5555555555555556, 0.5714285714285714, 0.4285714285714288, 0.6, 0.39999999999999947
154, 0.0014430014430014265, 0.5574795574795597, 0.4913419913419934, 9, 1, 1, 1, 1, 1, 0, 1, 1, 0, 0.5555555555555556, 0.5555555555555556, 0.5454545454545454, 0.5454545454545454, 0.5555555555555556, 0.44444444444444464, 0.5714285714285714, 0.4285714285714288
155, 0.0025252525252525276, 0.5336700336700325, 0.4966329966329961, 9, 1, 1, 1, 1, 1, 0, 1, 0, 1, 0.5454545454545454, 0.5454545454545454, 0.5, 0.5, 0.5555555555555556, 0.44444444444444464
