nr, area, centroidx, centroidy, numBars, pixPerBar0, ..., pixPerBarN, vertex1x, vertex1y, vertex2x, ...
0, 0.041666666666666664, 0.027777777777777776, 0.36111111111111105, 9, 0, 0, 0, 0, 0, 0, 0, 0, 0, 0, 0, 0.08333333333333333, 0.08333333333333333, 0, 1
1, 0.0037878787878787915, 0.05808080808080805, 0.3914141414141412, 9, 0, 0, 0, 0, 0, 0, 0, 0, 1, 0.08333333333333333, 0.08333333333333333, 0.09090909090909091, 0.09090909090909091, 0, 1
2, 0.004545454545454547, 0.06363636363636367, 0.39696969696969775, 9, 0, 0, 0, 0, 0, 0, 0, 1, 0, 0.09090909090909091, 0.09090909090909091, 0.1, 0.1, 0, 1
3, 0.00555555555555555, 0.07037037037037036, 0.4037037037037035, 9, 0, 0, 0, 0, 0, 0, 1, 0, 0, 0.1, 0.1, 0.1111111111111111, 0.1111111111111111, 0, 1
4, 0.0069444444444444475, 0.07870370370370368, 0.41203703703703703, 9, 0, 0, 0, 0, 0, 1, 0, 0, 0, 0.1111111111111111, 0.1111111111111111, 0.125, 0.125, 0, 1
5, 0.03273809523809523, 0.09938672438672441, 0.4673520923520924, 9, 0, 0, 0, 0, 1, 0, 0, 0, 0, 0.125, 0.125, 0.16666666666666666, 0.16666666666666666, 0.14285714285714285, 0.4285714285714286, 0, 1
6, 0.003246753246753248, 0.1637806637806638, 0.2775372775372775, 9, 0, 0, 0, 0, 1, 0, 0, 0, 1, 0.16666666666666666, 0.16666666666666666, 0.18181818181818182, 0.18181818181818182, 0.16666666666666666, 0.33333333333333326, 0.14285714285714285, 0.4285714285714286
7, 0.0015151515151515145, 0.1828282828282828, 0.23838383838383817, 9, 0, 0, 0, 0, 1, 0, 0, 1, 0, 0.18181818181818182, 0.18181818181818182, 0.2, 0.2, 0.16666666666666666, 0.33333333333333326
8, 0.004761904761904769, 0.1698412698412699, 0.39603174603174585, 9, 0, 0, 0, 1, 0, 0, 0, 1, 0, 0.2, 0.2, 0.16666666666666666, 0.5, 0.14285714285714285, 0.5714285714285714, 0.16666666666666666, 0.33333333333333326
9, 0.0029761904761904795, 0.14484126984126977, 0.48611111111111077, 9, 0, 0, 0, 1, 0, 0, 0, 0, 1, 0.14285714285714285, 0.5714285714285714, 0.125, 0.625, 0.14285714285714285, 0.4285714285714286, 0.16666666666666666, 0.33333333333333326
10, 0.008928571428571425, 0.08928571428571426, 0.6845238095238095, 9, 0, 0, 0, 1, 0, 0, 0, 0, 0, 0.125, 0.625, 0, 1, 0.14285714285714285, 0.4285714285714286
11, 0.00555555555555555, 0.19629629629629622, 0.3296296296296295, 9, 0, 0, 0, 1, 0, 0, 1, 0, 0, 0.2, 0.2, 0.2222222222222222, 0.2222222222222222, 0.2, 0.3999999999999999, 0.16666666666666666, 0.5
12, 0.0027777777777777783, 0.22407407407407398, 0.29074074074074063, 9, 0, 0, 0, 1, 0, 1, 0, 0, 0, 0.2222222222222222, 0.2222222222222222, 0.25, 0.25, 0.2, 0.3999999999999999
13, 0.013095238095238083, 0.19256854256854264, 0.5680375180375178, 9, 0, 0, 1, 0, 0, 1, 0, 0, 0, 0.25, 0.25, 0.16666666666666666, 0.8333333333333333, 0.14285714285714285, 0.8571428571428572, 0.2, 0.3999999999999999
14, 0.007738095238095252, 0.16022588522588524, 0.6466117216117215, 9, 0, 0, 1, 0, 0, 0, 1, 0, 0, 0.14285714285714285, 0.8571428571428572, 0.125, 0.875, 0.16666666666666666, 0.5, 0.2, 0.3999999999999999
15, 0.004960317460317457, 0.1374338624338623, 0.7006613756613762, 9, 0, 0, 1, 0, 0, 0, 0, 1, 0, 0.125, 0.875, 0.1111111111111111, 0.8888888888888888, 0.14285714285714285, 0.5714285714285714, 0.16666666666666666, 0.5
16, 0.003373015873015868, 0.12044039838157491, 0.7402038593215058, 9, 0, 0, 1, 0, 0, 0, 0, 0, 1, 0.1111111111111111, 0.8888888888888888, 0.1, 0.8999999999999999, 0.125, 0.625, 0.14285714285714285, 0.5714285714285714
17, 0.012499999999999997, 0.07500000000000001, 0.8416666666666667, 9, 0, 0, 1, 0, 0, 0, 0, 0, 0, 0.1, 0.8999999999999999, 0, 1, 0.125, 0.625
18, 0.008333333333333331, 0.20555555555555582, 0.6277777777777778, 9, 0, 0, 1, 0, 1, 0, 0, 0, 0, 0.25, 0.25, 0.2, 0.7999999999999998, 0.16666666666666666, 0.8333333333333333
19, 0.011868686868686834, 0.23696898058600196, 0.5157711870477829, 9, 0, 0, 1, 0, 1, 0, 0, 0, 1, 0.25, 0.25, 0.2727272727272727, 0.2727272727272727, 0.2222222222222222, 0.7777777777777777, 0.2, 0.7999999999999998
20, 0.013131313131313133, 0.26177803677803685, 0.5174760424760425, 9, 0, 0, 1, 0, 1, 0, 0, 1, 0, 0.2727272727272727, 0.2727272727272727, 0.3, 0.3, 0.25, 0.75, 0.2222222222222222, 0.7777777777777777
21, 0.014285714285714304, 0.2924603174603173, 0.5186507936507931, 9, 0, 0, 1, 0, 1, 0, 1, 0, 0, 0.3, 0.3, 0.3333333333333333, 0.3333333333333333, 0.2857142857142857, 0.7142857142857144, 0.25, 0.75
22, 0.0023809523809523864, 0.306349206349206, 0.5825396825396826, 9, 0, 0, 1, 0, 1, 1, 0, 0, 0, 0.3333333333333333, 0.3333333333333333, 0.3, 0.6999999999999997, 0.2857142857142857, 0.7142857142857144
23, 0.010606060606060605, 0.33232323232323246, 0.5132756132756131, 9, 0, 0, 1, 0, 1, 1, 0, 0, 1, 0.3333333333333333, 0.3333333333333333, 0.36363636363636365, 0.36363636363636365, 0.3333333333333333, 0.6666666666666667, 0.3, 0.6999999999999997
24, 0.0018939393939393784, 0.3573232323232322, 0.46843434343434615, 9, 0, 0, 1, 0, 1, 1, 0, 1, 0, 0.36363636363636365, 0.36363636363636365, 0.375, 0.375, 0.3333333333333333, 0.6666666666666667
25, 0.0041666666666666935, 0.3694444444444443, 0.4805555555555554, 9, 0, 0, 1, 0, 2, 0, 0, 1, 0, 0.375, 0.375, 0.4, 0.4, 0.3333333333333333, 0.6666666666666667
26, 0.004166666666666638, 0.3694444444444448, 0.5638888888888888, 9, 0, 0, 1, 1, 1, 0, 0, 1, 0, 0.4, 0.4, 0.375, 0.625, 0.3333333333333333, 0.6666666666666667
27, 0.004166666666666666, 0.3972222222222217, 0.5138888888888888, 9, 0, 0, 1, 1, 1, 0, 1, 0, 0, 0.4, 0.4, 0.4166666666666667, 0.4166666666666667, 0.4, 0.5999999999999996, 0.375, 0.625
28, 0.0043650793650793634, 0.4218133718133719, 0.5057960557960555, 9, 0, 0, 1, 1, 1, 0, 1, 0, 1, 0.4166666666666667, 0.4166666666666667, 0.4444444444444444, 0.4444444444444444, 0.42857142857142855, 0.5714285714285716, 0.4, 0.5999999999999996
29, 0.0014430014430014543, 0.4425204425204414, 0.508658008658008, 9, 0, 0, 1, 1, 1, 1, 0, 0, 1, 0.4444444444444444, 0.4444444444444444, 0.45454545454545453, 0.45454545454545453, 0.4444444444444444, 0.5555555555555554, 0.42857142857142855, 0.5714285714285716
30, 0.0025252525252525138, 0.4663299663299664, 0.5033670033670039, 9, 0, 0, 1, 1, 1, 1, 0, 1, 0, 0.45454545454545453, 0.45454545454545453, 0.5, 0.5, 0.4444444444444444, 0.5555555555555554
31, 0.003968253968253982, 0.4576719576719574, 0.5899470899470897, 9, 0, 1, 0, 1, 1, 1, 0, 1, 0, 0.5, 0.5, 0.42857142857142855, 0.7142857142857144, 0.4444444444444444, 0.5555555555555554
32, 0.0031746031746031633, 0.42433862433862485, 0.6661375661375678, 9, 0, 1, 0, 1, 1, 1, 0, 0, 1, 0.42857142857142855, 0.7142857142857144, 0.4, 0.7999999999999998, 0.42857142857142855, 0.5714285714285716, 0.4444444444444444, 0.5555555555555554
33, 0.005357142857142866, 0.40119047619047626, 0.7043650793650786, 9, 0, 1, 0, 1, 1, 0, 1, 0, 1, 0.4, 0.7999999999999998, 0.375, 0.875, 0.4, 0.5999999999999996, 0.42857142857142855, 0.5714285714285716
34, 0.00833333333333336, 0.36944444444444413, 0.7833333333333323, 9, 0, 1, 0, 1, 1, 0, 1, 0, 0, 0.375, 0.875, 0.3333333333333333, 1, 0.375, 0.625, 0.4, 0.5999999999999996
35, 0.012500000000000011, 0.33611111111111097, 0.8194444444444441, 9, 0, 1, 0, 1, 1, 0, 0, 1, 0, 0.3333333333333333, 1, 0.3, 1, 0.3333333333333333, 0.6666666666666667, 0.375, 0.625
36, 0.0023809523809523864, 0.306349206349205, 0.8888888888888876, 9, 0, 1, 0, 1, 1, 0, 0, 0, 1, 0.3, 1, 0.2857142857142857, 1, 0.3333333333333333, 0.6666666666666667
37, 0.004329004329004335, 0.29725829725829733, 0.865079365079364, 9, 0, 1, 0, 1, 0, 1, 0, 0, 1, 0.2857142857142857, 1, 0.2727272727272727, 1, 0.2857142857142857, 0.8571428571428572, 0.3333333333333333, 0.6666666666666667
38, 0.001623376623376624, 0.26948051948051954, 0.9523809523809516, 9, 0, 1, 0, 1, 0, 1, 0, 0, 0, 0.2727272727272727, 1, 0.25, 1, 0.2857142857142857, 0.8571428571428572
39, 0.0035714285714285726, 0.27857142857142825, 0.8285714285714298, 9, 0, 1, 0, 0, 1, 1, 0, 0, 0, 0.25, 1, 0.2857142857142857, 0.7142857142857144, 0.3, 0.6999999999999997, 0.2857142857142857, 0.8571428571428572
40, 0.0023809523809523586, 0.3063492063492086, 0.7412698412698455, 9, 0, 1, 0, 0, 1, 1, 0, 0, 1, 0.3, 0.6999999999999997, 0.3333333333333333, 0.6666666666666667, 0.2857142857142857, 0.8571428571428572
41, 0.007936507936507936, 0.25264550264550273, 0.8630952380952384, 9, 0, 1, 0, 0, 1, 0, 1, 0, 0, 0.25, 1, 0.2222222222222222, 1, 0.25, 0.75, 0.2857142857142857, 0.7142857142857144
42, 0.005555555555555564, 0.22407407407407393, 0.879629629629629, 9, 0, 1, 0, 0, 1, 0, 0, 1, 0, 0.2222222222222222, 1, 0.2, 1, 0.2222222222222222, 0.7777777777777777, 0.25, 0.75
43, 0.004040404040404039, 0.20134680134680144, 0.8925925925925926, 9, 0, 1, 0, 0, 1, 0, 0, 0, 1, 0.2, 1, 0.18181818181818182, 1, 0.2, 0.7999999999999998, 0.2222222222222222, 0.7777777777777777
44, 0.006277056277056291, 0.1729760660795142, 0.9122605363984672, 9, 0, 1, 0, 0, 1, 0, 0, 0, 0, 0.18181818181818182, 1, 0.14285714285714285, 1, 0.16666666666666666, 0.8333333333333333, 0.2, 0.7999999999999998
45, 0.0029761904761904795, 0.14484126984126977, 0.9206349206349201, 9, 0, 1, 0, 0, 0, 1, 0, 0, 0, 0.14285714285714285, 1, 0.125, 1, 0.14285714285714285, 0.8571428571428572, 0.16666666666666666, 0.8333333333333333
46, 0.001984126984126977, 0.12632275132275142, 0.9315476190476204, 9, 0, 1, 0, 0, 0, 0, 1, 0, 0, 0.125, 1, 0.1111111111111111, 1, 0.125, 0.875, 0.14285714285714285, 0.8571428571428572
47, 0.001388888888888891, 0.11203703703703696, 0.9398148148148144, 9, 0, 1, 0, 0, 0, 0, 0, 1, 0, 0.1111111111111111, 1, 0.1, 1, 0.1111111111111111, 0.8888888888888888, 0.125, 0.875
48, 0.0010101010101010166, 0.10067340067340046, 0.9462962962962946, 9, 0, 1, 0, 0, 0, 0, 0, 0, 1, 0.1, 1, 0.09090909090909091, 1, 0.1, 0.8999999999999999, 0.1111111111111111, 0.8888888888888888
49, 0.004545454545454547, 0.0636363636363636, 0.9666666666666667, 9, 0, 1, 0, 0, 0, 0, 0, 0, 0, 0.09090909090909091, 1, 0, 1, 0.1, 0.8999999999999999
50, 0.014285714285714249, 0.4428571428571438, 0.7857142857142861, 9, 0, 1, 1, 0, 1, 1, 0, 1, 0, 0.5, 0.5, 0.42857142857142855, 1, 0.4, 1, 0.42857142857142855, 0.7142857142857144
51, 0.005357142857142866, 0.4011904761904758, 0.8825396825396822, 9, 0, 1, 1, 0, 1, 1, 0, 0, 1, 0.4, 1, 0.375, 1, 0.4, 0.7999999999999998, 0.42857142857142855, 0.7142857142857144
52, 0.0022727272727272596, 0.37954545454545524, 0.9125000000000018, 9, 0, 1, 1, 0, 1, 0, 1, 0, 1, 0.375, 1, 0.36363636363636365, 1, 0.375, 0.875, 0.4, 0.7999999999999998
53, 0.0018939393939393923, 0.35732323232323265, 0.9583333333333346, 9, 0, 1, 1, 0, 1, 0, 1, 0, 0, 0.36363636363636365, 1, 0.3333333333333333, 1, 0.375, 0.875
54, 0.003968253968253982, 0.4576719576719557, 0.8333333333333321, 9, 0, 1, 1, 0, 2, 0, 0, 1, 0, 0.5, 0.5, 0.4444444444444444, 1, 0.42857142857142855, 1
55, 0.0025252525252525138, 0.4663299663299655, 0.8333333333333351, 9, 0, 1, 1, 0, 2, 0, 1, 0, 0, 0.5, 0.5, 0.45454545454545453, 1, 0.4444444444444444, 1
56, 0.022727272727272735, 0.5000000000000002, 0.757575757575758, 9, 0, 1, 1, 0, 2, 0, 1, 0, 1, 0.5, 0.5, 0.5454545454545454, 0.5454545454545454, 0.5, 1, 0.45454545454545453, 1
57, 0.0025252525252525415, 0.5336700336700323, 0.7003367003366989, 9, 0, 1, 1, 0, 2, 0, 1, 1, 0, 0.5454545454545454, 0.5454545454545454, 0.5555555555555556, 0.5555555555555556, 0.5, 1
58, 0.009920634920634913, 0.5478835978835973, 0.7288359788359793, 9, 0, 1, 1, 0, 2, 1, 0, 1, 0, 0.5555555555555556, 0.5555555555555556, 0.5833333333333334, 0.5833333333333334, 0.5714285714285714, 0.7142857142857144, 0.5, 1
59, 0.001190476190476214, 0.58492063492063, 0.6325396825396778, 9, 0, 1, 1, 0, 2, 1, 0, 1, 1, 0.5833333333333334, 0.5833333333333334, 0.6, 0.6, 0.5714285714285714, 0.7142857142857144
60, 0.004617604617604604, 0.5699795574795584, 0.8130952380952413, 9, 0, 1, 1, 1, 1, 1, 0, 1, 1, 0.6, 0.6, 0.5555555555555556, 1, 0.5454545454545454, 1, 0.5714285714285714, 0.7142857142857144
61, 0.006493506493506496, 0.5389610389610384, 0.9047619047619045, 9, 0, 1, 1, 1, 1, 1, 0, 1, 0, 0.5454545454545454, 1, 0.5, 1, 0.5714285714285714, 0.7142857142857144
62, 0.00853174603174603, 0.5901962593823069, 0.7881782945736422, 9, 0, 1, 1, 1, 1, 1, 1, 0, 1, 0.6, 0.6, 0.625, 0.625, 0.5714285714285714, 1, 0.5555555555555556, 1
63, 0.0076298701298701255, 0.6052569770654874, 0.8388942617666022, 9, 0, 1, 1, 1, 2, 0, 1, 0, 1, 0.625, 0.625, 0.6363636363636364, 0.6363636363636364, 0.6, 1, 0.5714285714285714, 1
64, 0.010227272727272724, 0.6328002244668904, 0.8170594837261504, 9, 0, 1, 1, 1, 2, 0, 1, 1, 0, 0.6363636363636364, 0.6363636363636364, 0.6666666666666666, 0.6666666666666666, 0.625, 1, 0.6, 1
65, 0.0018939393939393923, 0.6426767676767692, 0.8888888888888905, 9, 0, 1, 1, 1, 2, 1, 0, 1, 0, 0.6666666666666666, 0.6666666666666666, 0.6363636363636364, 1, 0.625, 1
66, 0.010606060606060591, 0.6676767676767686, 0.836507936507937, 9, 0, 1, 1, 1, 2, 1, 0, 1, 1, 0.6666666666666666, 0.6666666666666666, 0.7, 0.7, 0.6666666666666666, 1, 0.6363636363636364, 1
67, 0.006709956709956694, 0.6995158962900894, 0.8259879905041194, 9, 0, 1, 1, 1, 2, 1, 1, 0, 1, 0.7, 0.7, 0.7272727272727273, 0.7272727272727273, 0.7142857142857143, 0.8571428571428568, 0.6666666666666666, 1
68, 0.0016233766233766378, 0.7305194805194792, 0.7781385281385272, 9, 0, 1, 1, 1, 2, 1, 1, 1, 0, 0.7272727272727273, 0.7272727272727273, 0.75, 0.75, 0.7142857142857143, 0.8571428571428568
69, 0.0035714285714285587, 0.7214285714285735, 0.8928571428571425, 9, 0, 1, 2, 0, 2, 1, 1, 1, 0, 0.75, 0.75, 0.7142857142857143, 1, 0.7, 1, 0.7142857142857143, 0.8571428571428568
70, 0.002380952380952428, 0.6936507936507906, 0.9523809523809462, 9, 0, 1, 2, 0, 2, 1, 1, 0, 1, 0.7, 1, 0.6666666666666666, 1, 0.7142857142857143, 0.8571428571428568
71, 0.0016233766233766378, 0.7305194805194792, 0.9166666666666666, 9, 0, 1, 2, 0, 3, 0, 1, 1, 0, 0.75, 0.75, 0.7272727272727273, 1, 0.7142857142857143, 1
72, 0.0063131313131312705, 0.7516835016835022, 0.8759259259259269, 9, 0, 1, 2, 0, 3, 0, 1, 1, 1, 0.75, 0.75, 0.7777777777777778, 0.7777777777777778, 0.75, 1, 0.7272727272727273, 1
73, 0.002777777777777768, 0.7759259259259293, 0.8592592592592626, 9, 0, 1, 2, 0, 3, 1, 0, 1, 1, 0.7777777777777778, 0.7777777777777778, 0.8, 0.8, 0.75, 1
74, 0.0027777777777778234, 0.7759259259259238, 0.9333333333333274, 9, 0, 1, 2, 1, 2, 1, 0, 1, 1, 0.8, 0.8, 0.7777777777777778, 1, 0.75, 1
75, 0.004040404040404011, 0.7986531986531986, 0.9060606060606086, 9, 0, 1, 2, 1, 2, 1, 1, 0, 1, 0.8, 0.8, 0.8181818181818182, 0.8181818181818182, 0.8, 1, 0.7777777777777778, 1
76, 0.00303030303030305, 0.8171717171717163, 0.9141414141414121, 9, 0, 1, 2, 1, 2, 1, 1, 1, 0, 0.8181818181818182, 0.8181818181818182, 0.8333333333333334, 0.8333333333333334, 0.8181818181818182, 1, 0.8, 1
77, 0.006222943722943686, 0.8452773072338308, 0.9245169082125618, 9, 0, 1, 2, 1, 2, 1, 1, 1, 1, 0.8333333333333334, 0.8333333333333334, 0.875, 0.875, 0.8571428571428571, 1, 0.8181818181818182, 1
78, 0.0019841269841270326, 0.8736772486772406, 0.942129629629623, 9, 0, 1, 2, 1, 3, 0, 1, 1, 1, 0.875, 0.875, 0.8888888888888888, 0.8888888888888888, 0.875, 1, 0.8571428571428571, 1
79, 0.001388888888888884, 0.8879629629629613, 0.948148148148148, 9, 0, 1, 2, 1, 3, 1, 0, 1, 1, 0.8888888888888888, 0.8888888888888888, 0.9, 0.9, 0.8888888888888888, 1, 0.875, 1
80, 0.0010101010101010166, 0.8993265993265984, 0.9530303030303026, 9, 0, 1, 2, 1, 3, 1, 1, 0, 1, 0.9, 0.9, 0.9090909090909091, 0.9090909090909091, 0.9, 1, 0.8888888888888888, 1
81, 0.0007575757575757347, 0.9085858585858655, 0.9570707070707152, 9, 0, 1, 2, 1, 3, 1, 1, 1, 0, 0.9090909090909091, 0.9090909090909091, 0.9166666666666666, 0.9166666666666666, 0.9090909090909091, 1, 0.9, 1
82, 0.0037878787878787845, 0.9419191919191933, 0.9722222222222227, 9, 0, 1, 2, 1, 3, 1, 1, 1, 1, 0.9166666666666666, 0.9166666666666666, 1, 1, 0.9090909090909091, 1
83, 0.003787878787878788, 0.05808080808080809, 0.027777777777777776, 9, 1, 0, 0, 0, 0, 0, 0, 0, 0, 0, 0, 0.09090909090909091, 0, 0.08333333333333333, 0.08333333333333333
84, 0.0007575757575757581, 0.0914141414141414, 0.04292929292929293, 9, 1, 0, 0, 0, 0, 0, 0, 0, 1, 0.09090909090909091, 0, 0.1, 0, 0.09090909090909091, 0.09090909090909091, 0.08333333333333333, 0.08333333333333333
85, 0.0010101010101010097, 0.10067340067340065, 0.046969696969696974, 9, 1, 0, 0, 0, 0, 0, 0, 1, 0, 0.1, 0, 0.1111111111111111, 0, 0.1, 0.1, 0.09090909090909091, 0.09090909090909091
86, 0.0013888888888888883, 0.11203703703703706, 0.051851851851851864, 9, 1, 0, 0, 0, 0, 0, 1, 0, 0, 0.1111111111111111, 0, 0.125, 0, 0.1111111111111111, 0.1111111111111111, 0.1, 0.1
87, 0.001984126984126984, 0.12632275132275128, 0.05787037037037037, 9, 1, 0, 0, 0, 0, 1, 0, 0, 0, 0.125, 0, 0.14285714285714285, 0, 0.125, 0.125, 0.1111111111111111, 0.1111111111111111
88, 0.006222943722943724, 0.15472269276617107, 0.07548309178743959, 9, 1, 0, 0, 0, 1, 0, 0, 0, 0, 0.14285714285714285, 0, 0.18181818181818182, 0, 0.16666666666666666, 0.16666666666666666, 0.125, 0.125
89, 0.0030303030303030325, 0.1828282828282828, 0.08585858585858586, 9, 1, 0, 0, 0, 1, 0, 0, 0, 1, 0.18181818181818182, 0, 0.2, 0, 0.18181818181818182, 0.18181818181818182, 0.16666666666666666, 0.16666666666666666
90, 0.004040404040404039, 0.2013468013468013, 0.09393939393939395, 9, 1, 0, 0, 0, 1, 0, 0, 1, 0, 0.2, 0, 0.2222222222222222, 0, 0.2, 0.2, 0.18181818181818182, 0.18181818181818182
91, 0.0027777777777777783, 0.2240740740740742, 0.06666666666666678, 9, 1, 0, 0, 0, 1, 0, 1, 0, 0, 0.2222222222222222, 0, 0.25, 0, 0.2, 0.2
92, 0.002777777777777775, 0.22407407407407406, 0.14074074074074072, 9, 1, 0, 0, 1, 0, 0, 1, 0, 0, 0.25, 0, 0.2222222222222222, 0.2222222222222222, 0.2, 0.2
93, 0.006313131313131312, 0.24831649831649838, 0.12407407407407407, 9, 1, 0, 0, 1, 0, 1, 0, 0, 0, 0.25, 0, 0.2727272727272727, 0, 0.25, 0.25, 0.2222222222222222, 0.2222222222222222
94, 0.001623376623376624, 0.2694805194805188, 0.08333333333333333, 9, 1, 0, 0, 1, 0, 1, 0, 0, 1, 0.2727272727272727, 0, 0.2857142857142857, 0, 0.25, 0.25
95, 0.0035714285714285726, 0.27857142857142825, 0.10714285714285693, 9, 1, 0, 0, 1, 1, 0, 0, 0, 1, 0.2857142857142857, 0, 0.3, 0, 0.2857142857142857, 0.1428571428571428, 0.25, 0.25
96, 0.0023809523809523794, 0.30634920634920665, 0.047619047619047596, 9, 1, 0, 0, 1, 1, 0, 0, 1, 0, 0.3, 0, 0.3333333333333333, 0, 0.2857142857142857, 0.1428571428571428
97, 0.0067099567099567145, 0.30048410370991, 0.17401200949588042, 9, 1, 0, 1, 0, 1, 0, 0, 1, 0, 0.3333333333333333, 0, 0.3, 0.3, 0.2727272727272727, 0.2727272727272727, 0.2857142857142857, 0.1428571428571428
98, 0.0016233766233766204, 0.26948051948051943, 0.22186147186147195, 9, 1, 0, 1, 0, 1, 0, 0, 0, 1, 0.2727272727272727, 0.2727272727272727, 0.25, 0.25, 0.2857142857142857, 0.1428571428571428
99, 0.010606060606060612, 0.33232323232323246, 0.1634920634920634, 9, 1, 0, 1, 0, 1, 0, 1, 0, 0, 0.3333333333333333, 0, 0.36363636363636365, 0, 0.3333333333333333, 0.3333333333333333, 0.3, 0.3
100, 0.0018939393939393923, 0.3573232323232308, 0.11111111111111131, 9, 1, 0, 1, 0, 1, 0, 1, 0, 1, 0.36363636363636365, 0, 0.375, 0, 0.3333333333333333, 0.3333333333333333
101, 0.010227272727272738, 0.36719977553310906, 0.18294051627384955, 9, 1, 0, 1, 0, 1, 1, 0, 0, 1, 0.375, 0, 0.4, 0, 0.36363636363636365, 0.36363636363636365, 0.3333333333333333, 0.3333333333333333
102, 0.007629870129870112, 0.3947430229345127, 0.16110573823339794, 9, 1, 0, 1, 0, 1, 1, 0, 1, 0, 0.4, 0, 0.42857142857142855, 0, 0.375, 0.375, 0.36363636363636365, 0.36363636363636365
103, 0.008531746031746043, 0.40980374061769353, 0.21182170542635642, 9, 1, 0, 1, 0, 2, 0, 0, 1, 0, 0.42857142857142855, 0, 0.4444444444444444, 0, 0.4, 0.4, 0.375, 0.375
104, 0.004617604617604604, 0.43002044252044264, 0.18690476190476218, 9, 1, 0, 1, 0, 2, 0, 1, 0, 0, 0.4444444444444444, 0, 0.45454545454545453, 0, 0.42857142857142855, 0.2857142857142856, 0.4, 0.4
105, 0.006493506493506496, 0.46103896103896125, 0.09523809523809508, 9, 1, 0, 1, 0, 2, 0, 1, 0, 1, 0.45454545454545453, 0, 0.5, 0, 0.42857142857142855, 0.2857142857142856
106, 0.009920634920634913, 0.4521164021164022, 0.27116402116402133, 9, 1, 0, 1, 1, 1, 0, 1, 0, 1, 0.5, 0, 0.4444444444444444, 0.4444444444444444, 0.4166666666666667, 0.4166666666666667, 0.42857142857142855, 0.2857142857142856
107, 0.0011904761904761932, 0.41507936507936566, 0.3674603174603179, 9, 1, 0, 1, 1, 1, 0, 1, 0, 0, 0.4166666666666667, 0.4166666666666667, 0.4, 0.4, 0.42857142857142855, 0.2857142857142856
108, 0.0025252525252525276, 0.4663299663299666, 0.299663299663299, 9, 1, 0, 1, 1, 1, 1, 0, 0, 1, 0.5, 0, 0.45454545454545453, 0.45454545454545453, 0.4444444444444444, 0.4444444444444444
109, 0.02272727272727272, 0.5000000000000001, 0.2424242424242425, 9, 1, 0, 1, 1, 1, 1, 0, 1, 0, 0.5, 0, 0.5454545454545454, 0, 0.5, 0.5, 0.45454545454545453, 0.45454545454545453
110, 0.0025252525252525415, 0.5336700336700323, 0.16666666666666666, 9, 1, 0, 1, 1, 1, 1, 0, 1, 1, 0.5454545454545454, 0, 0.5555555555555556, 0, 0.5, 0.5
111, 0.003968253968253954, 0.5423280423280411, 0.16666666666666666, 9, 1, 0, 1, 1, 1, 1, 1, 0, 1, 0.5555555555555556, 0, 0.5714285714285714, 0, 0.5, 0.5
112, 0.01428571428571429, 0.5571428571428565, 0.21428571428571386, 9, 1, 0, 1, 1, 2, 0, 1, 0, 1, 0.5714285714285714, 0, 0.6, 0, 0.5714285714285714, 0.2857142857142856, 0.5, 0.5
113, 0.005357142857142838, 0.5988095238095238, 0.11746031746031713, 9, 1, 0, 1, 1, 2, 0, 1, 1, 0, 0.6, 0, 0.625, 0, 0.6, 0.1999999999999993, 0.5714285714285714, 0.2857142857142856
114, 0.0022727272727272735, 0.620454545454546, 0.08749999999999977, 9, 1, 0, 1, 1, 2, 1, 0, 1, 0, 0.625, 0, 0.6363636363636364, 0, 0.625, 0.125, 0.6, 0.1999999999999993
115, 0.0018939393939393923, 0.6426767676767667, 0.041666666666666664, 9, 1, 0, 1, 1, 2, 1, 0, 1, 1, 0.6363636363636364, 0, 0.6666666666666666, 0, 0.625, 0.125
116, 0.008333333333333352, 0.6305555555555544, 0.21666666666666684, 9, 1, 0, 2, 0, 2, 1, 0, 1, 1, 0.6666666666666666, 0, 0.625, 0.375, 0.6, 0.39999999999999947, 0.625, 0.125
117, 0.005357142857142866, 0.5988095238095233, 0.29563492063492003, 9, 1, 0, 2, 0, 2, 1, 0, 1, 0, 0.6, 0.39999999999999947, 0.5714285714285714, 0.4285714285714288, 0.6, 0.1999999999999993, 0.625, 0.125
118, 0.012500000000000011, 0.6638888888888884, 0.1805555555555553, 9, 1, 0, 2, 0, 2, 1, 1, 0, 1, 0.6666666666666666, 0, 0.7, 0, 0.6666666666666666, 0.3333333333333335, 0.625, 0.375
119, 0.0023809523809523864, 0.6936507936507931, 0.11111111111111144, 9, 1, 0, 2, 0, 2, 1, 1, 1, 0, 0.7, 0, 0.7142857142857143, 0, 0.6666666666666666, 0.3333333333333335
120, 0.003174603174603177, 0.5756613756613752, 0.3338624338624337, 9, 1, 0, 2, 0, 2, 0, 1, 1, 0, 0.5714285714285714, 0.4285714285714288, 0.5555555555555556, 0.44444444444444464, 0.5714285714285714, 0.2857142857142856, 0.6, 0.1999999999999993
121, 0.003968253968253982, 0.542328042328042, 0.4100529100529103, 9, 1, 0, 2, 0, 2, 0, 1, 0, 1, 0.5555555555555556, 0.44444444444444464, 0.5, 0.5, 0.5714285714285714, 0.2857142857142856
122, 0.004329004329004349, 0.7027417027417042, 0.13492063492063505, 9, 1, 0, 2, 0, 3, 0, 1, 1, 0, 0.7142857142857143, 0, 0.7272727272727273, 0, 0.7142857142857143, 0.14285714285714324, 0.6666666666666666, 0.3333333333333335
123, 0.001623376623376624, 0.7305194805194826, 0.04761904761904772, 9, 1, 0, 2, 0, 3, 0, 1, 1, 1, 0.7272727272727273, 0, 0.75, 0, 0.7142857142857143, 0.14285714285714324
124, 0.0035714285714285865, 0.7214285714285719, 0.1714285714285717, 9, 1, 0, 2, 1, 2, 0, 1, 1, 1, 0.75, 0, 0.7142857142857143, 0.2857142857142865, 0.7, 0.29999999999999893, 0.7142857142857143, 0.14285714285714324
125, 0.0023809523809523447, 0.6936507936507935, 0.25873015873015837, 9, 1, 0, 2, 1, 2, 0, 1, 1, 0, 0.7, 0.29999999999999893, 0.6666666666666666, 0.3333333333333335, 0.7142857142857143, 0.14285714285714324
126, 0.007936507936507936, 0.747354497354496, 0.1369047619047621, 9, 1, 0, 2, 1, 2, 1, 0, 1, 1, 0.75, 0, 0.7777777777777778, 0, 0.75, 0.25, 0.7142857142857143, 0.2857142857142865
127, 0.005555555555555536, 0.7759259259259277, 0.12037037037037021, 9, 1, 0, 2, 1, 2, 1, 1, 0, 1, 0.7777777777777778, 0, 0.8, 0, 0.7777777777777778, 0.22222222222222143, 0.75, 0.25
128, 0.004040404040404025, 0.7986531986531982, 0.10740740740740695, 9, 1, 0, 2, 1, 2, 1, 1, 1, 0, 0.8, 0, 0.8181818181818182, 0, 0.8, 0.1999999999999993, 0.7777777777777778, 0.22222222222222143
129, 0.006277056277056256, 0.8270239339204851, 0.08773946360153227, 9, 1, 0, 2, 1, 2, 1, 1, 1, 1, 0.8181818181818182, 0, 0.8571428571428571, 0, 0.8333333333333334, 0.16666666666666607, 0.8, 0.1999999999999993
130, 0.0029761904761904795, 0.8551587301587321, 0.0793650793650793, 9, 1, 0, 2, 1, 3, 0, 1, 1, 1, 0.8571428571428571, 0, 0.875, 0, 0.8571428571428571, 0.14285714285714324, 0.8333333333333334, 0.16666666666666607
131, 0.001984126984126977, 0.873677248677251, 0.06845238095238138, 9, 1, 0, 2, 1, 3, 1, 0, 1, 1, 0.875, 0, 0.8888888888888888, 0, 0.875, 0.125, 0.8571428571428571, 0.14285714285714324
132, 0.001388888888888884, 0.8879629629629613, 0.060185185185185, 9, 1, 0, 2, 1, 3, 1, 1, 0, 1, 0.8888888888888888, 0, 0.9, 0, 0.8888888888888888, 0.11111111111111072, 0.875, 0.125
133, 0.0010101010101010027, 0.8993265993266016, 0.0537037037037038, 9, 1, 0, 2, 1, 3, 1, 1, 1, 0, 0.9, 0, 0.9090909090909091, 0, 0.9, 0.09999999999999964, 0.8888888888888888, 0.11111111111111072
134, 0.004545454545454533, 0.9363636363636358, 0.033333333333333194, 9, 1, 0, 2, 1, 3, 1, 1, 1, 1, 0.9090909090909091, 0, 1, 0, 0.9, 0.09999999999999964
135, 0.012500000000000011, 0.9250000000000006, 0.1583333333333333, 9, 1, 1, 1, 1, 3, 1, 1, 1, 1, 1, 0, 0.875, 0.375, 0.9, 0.09999999999999964
136, 0.0033730158730159165, 0.8795596016184224, 0.2597961406784932, 9, 1, 1, 1, 1, 3, 1, 1, 1, 0, 0.875, 0.375, 0.8571428571428571, 0.4285714285714288, 0.8888888888888888, 0.11111111111111072, 0.9, 0.09999999999999964
137, 0.004960317460317443, 0.8625661375661374, 0.29933862433862457, 9, 1, 1, 1, 1, 3, 1, 1, 0, 1, 0.8571428571428571, 0.4285714285714288, 0.8333333333333334, 0.5, 0.875, 0.125, 0.8888888888888888, 0.11111111111111072
138, 0.007738095238095266, 0.8397741147741129, 0.3533882783882775, 9, 1, 1, 1, 1, 3, 1, 0, 1, 1, 0.8333333333333334, 0.5, 0.8, 0.5999999999999996, 0.8571428571428571, 0.14285714285714324, 0.875, 0.125
139, 0.013095238095238132, 0.8074314574314562, 0.4319624819624821, 9, 1, 1, 1, 1, 3, 0, 1, 1, 1, 0.8, 0.5999999999999996, 0.75, 0.75, 0.8333333333333334, 0.16666666666666607, 0.8571428571428571, 0.14285714285714324
140, 0.008333333333333304, 0.7944444444444448, 0.3722222222222218, 9, 1, 1, 1, 1, 2, 1, 1, 1, 1, 0.75, 0.75, 0.8, 0.1999999999999993, 0.8333333333333334, 0.16666666666666607
141, 0.011868686868686945, 0.7630310194139973, 0.4842288129522157, 9, 1, 1, 1, 1, 2, 1, 1, 1, 0, 0.75, 0.75, 0.7272727272727273, 0.7272727272727273, 0.7777777777777778, 0.22222222222222143, 0.8, 0.1999999999999993
142, 0.013131313131313133, 0.7382219632219642, 0.48252395752395755, 9, 1, 1, 1, 1, 2, 1, 1, 0, 1, 0.7272727272727273, 0.7272727272727273, 0.7, 0.7, 0.75, 0.25, 0.7777777777777778, 0.22222222222222143
143, 0.014285714285714207, 0.7075396825396835, 0.48134920634920786, 9, 1, 1, 1, 1, 2, 1, 0, 1, 1, 0.7, 0.7, 0.6666666666666666, 0.6666666666666666, 0.7142857142857143, 0.2857142857142865, 0.75, 0.25
144, 0.002380952380952428, 0.6936507936507926, 0.4174603174603159, 9, 1, 1, 1, 1, 2, 0, 1, 1, 1, 0.6666666666666666, 0.6666666666666666, 0.7, 0.29999999999999893, 0.7142857142857143, 0.2857142857142865
145, 0.010606060606060605, 0.6676767676767678, 0.48672438672438606, 9, 1, 1, 1, 1, 2, 0, 1, 1, 0, 0.6666666666666666, 0.6666666666666666, 0.6363636363636364, 0.6363636363636364, 0.6666666666666666, 0.3333333333333335, 0.7, 0.29999999999999893
146, 0.0018939393939393923, 0.6426767676767692, 0.5315656565656572, 9, 1, 1, 1, 1, 2, 0, 1, 0, 1, 0.6363636363636364, 0.6363636363636364, 0.625, 0.625, 0.6666666666666666, 0.3333333333333335
147, 0.004166666666666666, 0.6305555555555565, 0.5194444444444447, 9, 1, 1, 1, 1, 1, 1, 1, 0, 1, 0.625, 0.625, 0.6, 0.6, 0.6666666666666666, 0.3333333333333335
148, 0.004166666666666638, 0.6305555555555552, 0.4361111111111112, 9, 1, 1, 1, 0, 2, 1, 1, 0, 1, 0.6, 0.6, 0.625, 0.375, 0.6666666666666666, 0.3333333333333335
149, 0.004166666666666666, 0.6027777777777789, 0.4861111111111117, 9, 1, 1, 1, 0, 2, 1, 0, 1, 1, 0.6, 0.6, 0.5833333333333334, 0.5833333333333334, 0.6, 0.39999999999999947, 0.625, 0.375
150, 0.004365079365079391, 0.5781866281866276, 0.494203944203943, 9, 1, 1, 1, 0, 2, 1, 0, 1, 0, 0.5833333333333334, 0.5833333333333334, 0.5555555555555556, 0.5555555555555556, 0.5714285714285714, 0.4285714285714288, 0.6, 0.39999999999999947
151, 0.0014430014430014265, 0.5574795574795597, 0.4913419913419934, 9, 1, 1, 1, 0, 2, 0, 1, 1, 0, 0.5555555555555556, 0.5555555555555556, 0.5454545454545454, 0.5454545454545454, 0.5555555555555556, 0.44444444444444464, 0.5714285714285714, 0.4285714285714288
152, 0.0025252525252525276, 0.5336700336700325, 0.4966329966329961, 9, 1, 1, 1, 0, 2, 0, 1, 0, 1, 0.5454545454545454, 0.5454545454545454, 0.5, 0.5, 0.5555555555555556, 0.44444444444444464
153, 0.008928571428571397, 0.9107142857142891, 0.31547619047619035, 9, 1, 1, 2, 0, 3, 1, 1, 1, 1, 1, 0, 0.8571428571428571, 0.5714285714285712, 0.875, 0.375
154, 0.0029761904761904656, 0.8551587301587283, 0.5138888888888873, 9, 1, 1, 2, 0, 3, 1, 1, 1, 0, 0.8571428571428571, 0.5714285714285712, 0.8333333333333334, 0.6666666666666661, 0.8571428571428571, 0.4285714285714288, 0.875, 0.375
155, 0.004761904761904717, 0.8301587301587313, 0.6039682539682555, 9, 1, 1, 2, 0, 3, 1, 1, 0, 1, 0.8333333333333334, 0.6666666666666661, 0.8, 0.8, 0.8333333333333334, 0.5, 0.8571428571428571, 0.4285714285714288
156, 0.005555555555555591, 0.8037037037037029, 0.6703703703703696, 9, 1, 1, 2, 0, 3, 1, 0, 1, 1, 0.8, 0.8, 0.7777777777777778, 0.7777777777777778, 0.8, 0.5999999999999996, 0.8333333333333334, 0.5
157, 0.00277777777777774, 0.7759259259259305, 0.7092592592592625, 9, 1, 1, 2, 0, 3, 0, 1, 1, 1, 0.7777777777777778, 0.7777777777777778, 0.75, 0.75, 0.8, 0.5999999999999996
158, 0.03273809523809523, 0.9006132756132755, 0.5326479076479078, 9, 1, 1, 2, 1, 2, 1, 1, 1, 1, 1, 0, 0.875, 0.875, 0.8333333333333334, 0.8333333333333334, 0.8571428571428571, 0.5714285714285712
159, 0.0032467532467532756, 0.8362193362193354, 0.7224627224627221, 9, 1, 1, 2, 1, 2, 1, 1, 1, 0, 0.8333333333333334, 0.8333333333333334, 0.8181818181818182, 0.8181818181818182, 0.8333333333333334, 0.6666666666666661, 0.8571428571428571, 0.5714285714285712
160, 0.001515151515151525, 0.8171717171717194, 0.7616161616161607, 9, 1, 1, 2, 1, 2, 1, 1, 0, 1, 0.8181818181818182, 0.8181818181818182, 0.8, 0.8, 0.8333333333333334, 0.6666666666666661
161, 0.00694444444444442, 0.9212962962962973, 0.587962962962964, 9, 1, 1, 2, 1, 3, 0, 1, 1, 1, 1, 0, 0.8888888888888888, 0.8888888888888888, 0.875, 0.875
162, 0.005555555555555591, 0.9296296296296254, 0.5962962962962953, 9, 1, 1, 2, 1, 3, 1, 0, 1, 1, 1, 0, 0.9, 0.9, 0.8888888888888888, 0.8888888888888888
163, 0.004545454545454519, 0.9363636363636428, 0.6030303030303014, 9, 1, 1, 2, 1, 3, 1, 1, 0, 1, 1, 0, 0.9090909090909091, 0.9090909090909091, 0.9, 0.9
164, 0.0037878787878787845, 0.9419191919191823, 0.6085858585858587, 9, 1, 1, 2, 1, 3, 1, 1, 1, 0, 1, 0, 0.9166666666666666, 0.9166666666666666, 0.9090909090909091, 0.9090909090909091
165, 0.041666666666666685, 0.9722222222222228, 0.638888888888889, 9, 1, 1, 2, 1, 3, 1, 1, 1, 1, 1, 0, 1, 1, 0.9166666666666666, 0.9166666666666666
