nr, area, centroidx, centroidy, numBars, pixPerBar0, ..., pixPerBarN, vertex1x, vertex1y, vertex2x, ...
0, 0.041666666666666664, 0.027777777777777776, 0.36111111111111105, 9, 0, 0, 0, 0, 0, 0, 0, 0, 0, 0, 0, 0.08333333333333333, 0.08333333333333333, 0, 1
1, 0.0037878787878787915, 0.05808080808080805, 0.3914141414141412, 9, 0, 0, 0, 0, 0, 0, 0, 0, 1, 0.08333333333333333, 0.08333333333333333, 0.09090909090909091, 0.09090909090909091, 0, 1
2, 0.004545454545454547, 0.06363636363636367, 0.39696969696969775, 9, 0, 0, 0, 0, 0, 0, 0, 1, 0, 0.09090909090909091, 0.09090909090909091, 0.1, 0.1, 0, 1
3, 0.00555555555555555, 0.07037037037037036, 0.4037037037037035, 9, 0, 0, 0, 0, 0, 0, 1, 0, 0, 0.1, 0.1, 0.1111111111111111, 0.1111111111111111, 0, 1
4, 0.0069444444444444475, 0.07870370370370368, 0.41203703703703703, 9, 0, 0, 0, 0, 0, 1, 0, 0, 0, 0.1111111111111111, 0.1111111111111111, 0.125, 0.125, 0, 1
5, 0.02083333333333333, 0.09722222222222224, 0.4305555555555557, 9, 0, 0, 0, 0, 1, 0, 0, 0, 0, 0.125, 0.125, 0.16666666666666666, 0.16666666666666666, 0, 1
6, 0.011904761904761904, 0.10317460317460322, 0.5317460317460317, 9, 0, 0, 0, 1, 0, 0, 0, 0, 0, 0.16666666666666666, 0.16666666666666666, 0.14285714285714285, 0.4285714285714286, 0, 1
7, 0.003246753246753248, 0.1637806637806638, 0.2775372775372775, 9, 0, 0, 0, 1, 0, 0, 0, 0, 1, 0.16666666666666666, 0.16666666666666666, 0.18181818181818182, 0.18181818181818182, 0.16666666666666666, 0.33333333333333326, 0.14285714285714285, 0.4285714285714286
8, 0.0015151515151515145, 0.1828282828282828, 0.23838383838383817, 9, 0, 0, 0, 1, 0, 0, 0, 1, 0, 0.18181818181818182, 0.18181818181818182, 0.2, 0.2, 0.16666666666666666, 0.33333333333333326
9, 0.004761904761904769, 0.1698412698412699, 0.39603174603174585, 9, 0, 0, 1, 0, 0, 0, 0, 1, 0, 0.2, 0.2, 0.16666666666666666, 0.5, 0.14285714285714285, 0.5714285714285714, 0.16666666666666666, 0.33333333333333326
10, 0.0029761904761904795, 0.14484126984126977, 0.48611111111111077, 9, 0, 0, 1, 0, 0, 0, 0, 0, 1, 0.14285714285714285, 0.5714285714285714, 0.125, 0.625, 0.14285714285714285, 0.4285714285714286, 0.16666666666666666, 0.33333333333333326
11, 0.008928571428571425, 0.08928571428571426, 0.6845238095238095, 9, 0, 0, 1, 0, 0, 0, 0, 0, 0, 0.125, 0.625, 0, 1, 0.14285714285714285, 0.4285714285714286
12, 0.00555555555555555, 0.19629629629629622, 0.3296296296296295, 9, 0, 0, 1, 0, 0, 0, 1, 0, 0, 0.2, 0.2, 0.2222222222222222, 0.2222222222222222, 0.2, 0.3999999999999999, 0.16666666666666666, 0.5
13, 0.0027777777777777783, 0.22407407407407398, 0.29074074074074063, 9, 0, 0, 1, 0, 0, 1, 0, 0, 0, 0.2222222222222222, 0.2222222222222222, 0.25, 0.25, 0.2, 0.3999999999999999
14, 0.016071428571428577, 0.18373015873015874, 0.6333333333333334, 9, 0, 1, 0, 0, 0, 1, 0, 0, 0, 0.25, 0.25, 0.14285714285714285, 1, 0.125, 1, 0.2, 0.3999999999999999
15, 0.00972222222222223, 0.15330687830687822, 0.7047619047619045, 9, 0, 1, 0, 0, 0, 0, 1, 0, 0, 0.125, 1, 0.1111111111111111, 1, 0.16666666666666666, 0.5, 0.2, 0.3999999999999999
16, 0.0063492063492063405, 0.13187830687830696, 0.7529761904761905, 9, 0, 1, 0, 0, 0, 0, 0, 1, 0, 0.1111111111111111, 1, 0.1, 1, 0.14285714285714285, 0.5714285714285714, 0.16666666666666666, 0.5
17, 0.0043831168831168915, 0.1158850408850408, 0.7876984126984128, 9, 0, 1, 0, 0, 0, 0, 0, 0, 1, 0.1, 1, 0.09090909090909091, 1, 0.125, 0.625, 0.14285714285714285, 0.5714285714285714
18, 0.017045454545454544, 0.07196969696969698, 0.875, 9, 0, 1, 0, 0, 0, 0, 0, 0, 0, 0.09090909090909091, 1, 0, 1, 0.125, 0.625
19, 0.014610389610389601, 0.1915584415584416, 0.7500000000000001, 9, 0, 1, 0, 0, 1, 0, 0, 0, 0, 0.25, 0.25, 0.18181818181818182, 1, 0.14285714285714285, 1
20, 0.015909090909090914, 0.22792207792207791, 0.6114718614718614, 9, 0, 1, 0, 0, 1, 0, 0, 0, 1, 0.25, 0.25, 0.2727272727272727, 0.2727272727272727, 0.2, 1, 0.18181818181818182, 1
21, 0.015909090909090887, 0.2551948051948053, 0.5742424242424241, 9, 0, 1, 0, 0, 1, 0, 0, 1, 0, 0.2727272727272727, 0.2727272727272727, 0.3, 0.3, 0.25, 0.75, 0.2, 1
22, 0.00833333333333336, 0.2944444444444438, 0.46111111111111014, 9, 0, 1, 0, 0, 1, 0, 1, 0, 0, 0.3, 0.3, 0.3333333333333333, 0.3333333333333333, 0.25, 0.75
23, 0.013888888888888881, 0.2685185185185184, 0.7500000000000004, 9, 0, 1, 0, 1, 0, 0, 1, 0, 0, 0.3333333333333333, 0.3333333333333333, 0.25, 1, 0.2222222222222222, 1, 0.25, 0.75
24, 0.002777777777777782, 0.2240740740740737, 0.9166666666666654, 9, 0, 1, 0, 1, 0, 0, 0, 1, 0, 0.2222222222222222, 1, 0.2, 1, 0.25, 0.75
25, 0.005952380952380931, 0.28968253968254093, 0.7301587301587315, 9, 0, 1, 0, 1, 0, 1, 0, 0, 0, 0.3333333333333333, 0.3333333333333333, 0.2857142857142857, 0.8571428571428572, 0.25, 1
26, 0.012987012987012991, 0.3275613275613276, 0.555074555074555, 9, 0, 1, 0, 1, 0, 1, 0, 0, 1, 0.3333333333333333, 0.3333333333333333, 0.36363636363636365, 0.36363636363636365, 0.3333333333333333, 0.6666666666666665, 0.2857142857142857, 0.8571428571428572
27, 0.0018939393939393923, 0.3573232323232308, 0.4684343434343427, 9, 0, 1, 0, 1, 0, 1, 0, 1, 0, 0.36363636363636365, 0.36363636363636365, 0.375, 0.375, 0.3333333333333333, 0.6666666666666665
28, 0.004166666666666666, 0.3694444444444451, 0.4805555555555553, 9, 0, 1, 0, 1, 1, 0, 0, 1, 0, 0.375, 0.375, 0.4, 0.4, 0.3333333333333333, 0.6666666666666665
29, 0.016666666666666705, 0.3444444444444445, 0.7555555555555551, 9, 0, 1, 1, 0, 1, 0, 0, 1, 0, 0.4, 0.4, 0.3333333333333333, 1, 0.3, 1, 0.3333333333333333, 0.6666666666666665
30, 0.0023809523809523725, 0.3063492063492068, 0.8888888888888888, 9, 0, 1, 1, 0, 1, 0, 0, 0, 1, 0.3, 1, 0.2857142857142857, 1, 0.3333333333333333, 0.6666666666666665
31, 0.012500000000000011, 0.3787037037037034, 0.6935185185185182, 9, 0, 1, 1, 0, 1, 0, 1, 0, 0, 0.4, 0.4, 0.4166666666666667, 0.4166666666666667, 0.375, 0.875, 0.3333333333333333, 1
32, 0.009722222222222202, 0.4104497354497355, 0.6152116402116409, 9, 0, 1, 1, 0, 1, 0, 1, 0, 1, 0.4166666666666667, 0.4166666666666667, 0.4444444444444444, 0.4444444444444444, 0.4, 0.7999999999999998, 0.375, 0.875
33, 0.0046176046176046315, 0.430020442520442, 0.6169252044252042, 9, 0, 1, 1, 0, 1, 1, 0, 0, 1, 0.4444444444444444, 0.4444444444444444, 0.45454545454545453, 0.45454545454545453, 0.42857142857142855, 0.7142857142857144, 0.4, 0.7999999999999998
34, 0.006493506493506496, 0.4610389610389609, 0.5562770562770564, 9, 0, 1, 1, 0, 1, 1, 0, 1, 0, 0.45454545454545453, 0.45454545454545453, 0.5, 0.5, 0.42857142857142855, 0.7142857142857144
35, 0.004329004329004335, 0.2972582972582968, 0.865079365079365, 9, 0, 1, 1, 0, 0, 1, 0, 0, 1, 0.2857142857142857, 1, 0.2727272727272727, 1, 0.2857142857142857, 0.8571428571428572, 0.3333333333333333, 0.6666666666666665
36, 0.001623376623376624, 0.26948051948051954, 0.9523809523809516, 9, 0, 1, 1, 0, 0, 1, 0, 0, 0, 0.2727272727272727, 1, 0.25, 1, 0.2857142857142857, 0.8571428571428572
37, 0.007142857142857131, 0.44285714285714434, 0.7380952380952378, 9, 0, 2, 0, 0, 1, 1, 0, 1, 0, 0.5, 0.5, 0.4, 1, 0.42857142857142855, 0.7142857142857144
38, 0.005357142857142866, 0.4011904761904758, 0.8825396825396822, 9, 0, 2, 0, 0, 1, 1, 0, 0, 1, 0.4, 1, 0.375, 1, 0.4, 0.7999999999999998, 0.42857142857142855, 0.7142857142857144
39, 0.0022727272727272596, 0.37954545454545524, 0.9125000000000018, 9, 0, 2, 0, 0, 1, 0, 1, 0, 1, 0.375, 1, 0.36363636363636365, 1, 0.375, 0.875, 0.4, 0.7999999999999998
40, 0.0018939393939393923, 0.35732323232323265, 0.9583333333333346, 9, 0, 2, 0, 0, 1, 0, 1, 0, 0, 0.36363636363636365, 1, 0.3333333333333333, 1, 0.375, 0.875
41, 0.0071428571428571175, 0.4428571428571433, 0.8333333333333346, 9, 0, 2, 0, 1, 0, 1, 0, 1, 0, 0.5, 0.5, 0.42857142857142855, 1, 0.4, 1
42, 0.003968253968253982, 0.4576719576719557, 0.8333333333333321, 9, 0, 2, 0, 1, 1, 0, 0, 1, 0, 0.5, 0.5, 0.4444444444444444, 1, 0.42857142857142855, 1
43, 0.0025252525252525138, 0.4663299663299655, 0.8333333333333351, 9, 0, 2, 0, 1, 1, 0, 1, 0, 0, 0.5, 0.5, 0.45454545454545453, 1, 0.4444444444444444, 1
44, 0.022727272727272735, 0.5000000000000002, 0.757575757575758, 9, 0, 2, 0, 1, 1, 0, 1, 0, 1, 0.5, 0.5, 0.5454545454545454, 0.5454545454545454, 0.5, 1, 0.45454545454545453, 1
45, 0.0025252525252525415, 0.5336700336700323, 0.7003367003366989, 9, 0, 2, 0, 1, 1, 0, 1, 1, 0, 0.5454545454545454, 0.5454545454545454, 0.5555555555555556, 0.5555555555555556, 0.5, 1
46, 0.009920634920634913, 0.5478835978835973, 0.7288359788359793, 9, 0, 2, 0, 1, 1, 1, 0, 1, 0, 0.5555555555555556, 0.5555555555555556, 0.5833333333333334, 0.5833333333333334, 0.5714285714285714, 0.7142857142857144, 0.5, 1
47, 0.001190476190476214, 0.58492063492063, 0.6325396825396778, 9, 0, 2, 0, 1, 1, 1, 0, 1, 1, 0.5833333333333334, 0.5833333333333334, 0.6, 0.6, 0.5714285714285714, 0.7142857142857144
48, 0.004617604617604604, 0.5699795574795584, 0.8130952380952413, 9, 0, 2, 1, 0, 1, 1, 0, 1, 1, 0.6, 0.6, 0.5555555555555556, 1, 0.5454545454545454, 1, 0.5714285714285714, 0.7142857142857144
49, 0.006493506493506496, 0.5389610389610384, 0.9047619047619045, 9, 0, 2, 1, 0, 1, 1, 0, 1, 0, 0.5454545454545454, 1, 0.5, 1, 0.5714285714285714, 0.7142857142857144
50, 0.00853174603174603, 0.5901962593823069, 0.7881782945736422, 9, 0, 2, 1, 0, 1, 1, 1, 0, 1, 0.6, 0.6, 0.625, 0.625, 0.5714285714285714, 1, 0.5555555555555556, 1
51, 0.0076298701298701255, 0.6052569770654874, 0.8388942617666022, 9, 0, 2, 1, 0, 2, 0, 1, 0, 1, 0.625, 0.625, 0.6363636363636364, 0.6363636363636364, 0.6, 1, 0.5714285714285714, 1
52, 0.006060606060606044, 0.6343434343434339, 0.7676767676767685, 9, 0, 2, 1, 0, 2, 0, 1, 1, 0, 0.6363636363636364, 0.6363636363636364, 0.6666666666666666, 0.6666666666666666, 0.6, 1
53, 0.00416666666666668, 0.6305555555555544, 0.8888888888888874, 9, 0, 2, 1, 1, 1, 0, 1, 1, 0, 0.6666666666666666, 0.6666666666666666, 0.625, 1, 0.6, 1
54, 0.0018939393939393923, 0.6426767676767692, 0.8888888888888905, 9, 0, 2, 1, 1, 1, 1, 0, 1, 0, 0.6666666666666666, 0.6666666666666666, 0.6363636363636364, 1, 0.625, 1
55, 0.010606060606060591, 0.6676767676767686, 0.836507936507937, 9, 0, 2, 1, 1, 1, 1, 0, 1, 1, 0.6666666666666666, 0.6666666666666666, 0.7, 0.7, 0.6666666666666666, 1, 0.6363636363636364, 1
56, 0.006709956709956694, 0.6995158962900894, 0.8259879905041194, 9, 0, 2, 1, 1, 1, 1, 1, 0, 1, 0.7, 0.7, 0.7272727272727273, 0.7272727272727273, 0.7142857142857143, 0.8571428571428568, 0.6666666666666666, 1
57, 0.0016233766233766378, 0.7305194805194792, 0.7781385281385272, 9, 0, 2, 1, 1, 1, 1, 1, 1, 0, 0.7272727272727273, 0.7272727272727273, 0.75, 0.75, 0.7142857142857143, 0.8571428571428568
58, 0.0035714285714285587, 0.7214285714285735, 0.8928571428571425, 9, 0, 3, 0, 1, 1, 1, 1, 1, 0, 0.75, 0.75, 0.7142857142857143, 1, 0.7, 1, 0.7142857142857143, 0.8571428571428568
59, 0.002380952380952428, 0.6936507936507906, 0.9523809523809462, 9, 0, 3, 0, 1, 1, 1, 1, 0, 1, 0.7, 1, 0.6666666666666666, 1, 0.7142857142857143, 0.8571428571428568
60, 0.0016233766233766378, 0.7305194805194792, 0.9166666666666666, 9, 0, 3, 0, 1, 2, 0, 1, 1, 0, 0.75, 0.75, 0.7272727272727273, 1, 0.7142857142857143, 1
61, 0.0063131313131312705, 0.7516835016835022, 0.8759259259259269, 9, 0, 3, 0, 1, 2, 0, 1, 1, 1, 0.75, 0.75, 0.7777777777777778, 0.7777777777777778, 0.75, 1, 0.7272727272727273, 1
62, 0.002777777777777768, 0.7759259259259293, 0.8592592592592626, 9, 0, 3, 0, 1, 2, 1, 0, 1, 1, 0.7777777777777778, 0.7777777777777778, 0.8, 0.8, 0.75, 1
63, 0.0027777777777778234, 0.7759259259259238, 0.9333333333333274, 9, 0, 3, 1, 0, 2, 1, 0, 1, 1, 0.8, 0.8, 0.7777777777777778, 1, 0.75, 1
64, 0.004040404040404011, 0.7986531986531986, 0.9060606060606086, 9, 0, 3, 1, 0, 2, 1, 1, 0, 1, 0.8, 0.8, 0.8181818181818182, 0.8181818181818182, 0.8, 1, 0.7777777777777778, 1
65, 0.001515151515151525, 0.8171717171717133, 0.8838383838383861, 9, 0, 3, 1, 0, 2, 1, 1, 1, 0, 0.8181818181818182, 0.8181818181818182, 0.8333333333333334, 0.8333333333333334, 0.8, 1
66, 0.001515151515151525, 0.8171717171717194, 0.9444444444444383, 9, 0, 3, 1, 1, 1, 1, 1, 1, 0, 0.8333333333333334, 0.8333333333333334, 0.8181818181818182, 1, 0.8, 1
67, 0.006222943722943686, 0.8452773072338308, 0.9245169082125618, 9, 0, 3, 1, 1, 1, 1, 1, 1, 1, 0.8333333333333334, 0.8333333333333334, 0.875, 0.875, 0.8571428571428571, 1, 0.8181818181818182, 1
68, 0.0019841269841270326, 0.8736772486772406, 0.942129629629623, 9, 0, 3, 1, 1, 2, 0, 1, 1, 1, 0.875, 0.875, 0.8888888888888888, 0.8888888888888888, 0.875, 1, 0.8571428571428571, 1
69, 0.001388888888888884, 0.8879629629629613, 0.948148148148148, 9, 0, 3, 1, 1, 2, 1, 0, 1, 1, 0.8888888888888888, 0.8888888888888888, 0.9, 0.9, 0.8888888888888888, 1, 0.875, 1
70, 0.0010101010101010166, 0.8993265993265984, 0.9530303030303026, 9, 0, 3, 1, 1, 2, 1, 1, 0, 1, 0.9, 0.9, 0.9090909090909091, 0.9090909090909091, 0.9, 1, 0.8888888888888888, 1
71, 0.0007575757575757347, 0.9085858585858655, 0.9570707070707152, 9, 0, 3, 1, 1, 2, 1, 1, 1, 0, 0.9090909090909091, 0.9090909090909091, 0.9166666666666666, 0.9166666666666666, 0.9090909090909091, 1, 0.9, 1
72, 0.0037878787878787845, 0.9419191919191933, 0.9722222222222227, 9, 0, 3, 1, 1, 2, 1, 1, 1, 1, 0.9166666666666666, 0.9166666666666666, 1, 1, 0.9090909090909091, 1
73, 0.003787878787878788, 0.05808080808080809, 0.027777777777777776, 9, 1, 0, 0, 0, 0, 0, 0, 0, 0, 0, 0, 0.09090909090909091, 0, 0.08333333333333333, 0.08333333333333333
74, 0.0007575757575757581, 0.0914141414141414, 0.04292929292929293, 9, 1, 0, 0, 0, 0, 0, 0, 0, 1, 0.09090909090909091, 0, 0.1, 0, 0.09090909090909091, 0.09090909090909091, 0.08333333333333333, 0.08333333333333333
75, 0.0010101010101010097, 0.10067340067340065, 0.046969696969696974, 9, 1, 0, 0, 0, 0, 0, 0, 1, 0, 0.1, 0, 0.1111111111111111, 0, 0.1, 0.1, 0.09090909090909091, 0.09090909090909091
76, 0.0013888888888888883, 0.11203703703703706, 0.051851851851851864, 9, 1, 0, 0, 0, 0, 0, 1, 0, 0, 0.1111111111111111, 0, 0.125, 0, 0.1111111111111111, 0.1111111111111111, 0.1, 0.1
77, 0.001984126984126984, 0.12632275132275128, 0.05787037037037037, 9, 1, 0, 0, 0, 0, 1, 0, 0, 0, 0.125, 0, 0.14285714285714285, 0, 0.125, 0.125, 0.1111111111111111, 0.1111111111111111
78, 0.006222943722943724, 0.15472269276617107, 0.07548309178743959, 9, 1, 0, 0, 0, 1, 0, 0, 0, 0, 0.14285714285714285, 0, 0.18181818181818182, 0, 0.16666666666666666, 0.16666666666666666, 0.125, 0.125
79, 0.0015151515151515145, 0.1828282828282828, 0.05555555555555555, 9, 1, 0, 0, 0, 1, 0, 0, 0, 1, 0.18181818181818182, 0, 0.2, 0, 0.16666666666666666, 0.16666666666666666
80, 0.001515151515151518, 0.18282828282828278, 0.11616161616161609, 9, 1, 0, 0, 1, 0, 0, 0, 0, 1, 0.2, 0, 0.18181818181818182, 0.18181818181818182, 0.16666666666666666, 0.16666666666666666
81, 0.004040404040404039, 0.2013468013468013, 0.09393939393939395, 9, 1, 0, 0, 1, 0, 0, 0, 1, 0, 0.2, 0, 0.2222222222222222, 0, 0.2, 0.2, 0.18181818181818182, 0.18181818181818182
82, 0.0027777777777777783, 0.2240740740740742, 0.06666666666666678, 9, 1, 0, 0, 1, 0, 0, 1, 0, 0, 0.2222222222222222, 0, 0.25, 0, 0.2, 0.2
83, 0.002777777777777775, 0.22407407407407406, 0.14074074074074072, 9, 1, 0, 1, 0, 0, 0, 1, 0, 0, 0.25, 0, 0.2222222222222222, 0.2222222222222222, 0.2, 0.2
84, 0.006313131313131312, 0.24831649831649838, 0.12407407407407407, 9, 1, 0, 1, 0, 0, 1, 0, 0, 0, 0.25, 0, 0.2727272727272727, 0, 0.25, 0.25, 0.2222222222222222, 0.2222222222222222
85, 0.001623376623376624, 0.2694805194805188, 0.08333333333333333, 9, 1, 0, 1, 0, 0, 1, 0, 0, 1, 0.2727272727272727, 0, 0.2857142857142857, 0, 0.25, 0.25
86, 0.0035714285714285726, 0.27857142857142825, 0.10714285714285693, 9, 1, 0, 1, 0, 1, 0, 0, 0, 1, 0.2857142857142857, 0, 0.3, 0, 0.2857142857142857, 0.1428571428571428, 0.25, 0.25
87, 0.0023809523809523794, 0.30634920634920665, 0.047619047619047596, 9, 1, 0, 1, 0, 1, 0, 0, 1, 0, 0.3, 0, 0.3333333333333333, 0, 0.2857142857142857, 0.1428571428571428
88, 0.0067099567099567145, 0.30048410370991, 0.17401200949588042, 9, 1, 1, 0, 0, 1, 0, 0, 1, 0, 0.3333333333333333, 0, 0.3, 0.3, 0.2727272727272727, 0.2727272727272727, 0.2857142857142857, 0.1428571428571428
89, 0.0016233766233766204, 0.26948051948051943, 0.22186147186147195, 9, 1, 1, 0, 0, 1, 0, 0, 0, 1, 0.2727272727272727, 0.2727272727272727, 0.25, 0.25, 0.2857142857142857, 0.1428571428571428
90, 0.010606060606060612, 0.33232323232323246, 0.1634920634920634, 9, 1, 1, 0, 0, 1, 0, 1, 0, 0, 0.3333333333333333, 0, 0.36363636363636365, 0, 0.3333333333333333, 0.3333333333333333, 0.3, 0.3
91, 0.0018939393939393923, 0.3573232323232308, 0.11111111111111131, 9, 1, 1, 0, 0, 1, 0, 1, 0, 1, 0.36363636363636365, 0, 0.375, 0, 0.3333333333333333, 0.3333333333333333
92, 0.004166666666666666, 0.3694444444444451, 0.11111111111111102, 9, 1, 1, 0, 0, 1, 1, 0, 0, 1, 0.375, 0, 0.4, 0, 0.3333333333333333, 0.3333333333333333
93, 0.006060606060606072, 0.36565656565656557, 0.23232323232323218, 9, 1, 1, 0, 1, 0, 1, 0, 0, 1, 0.4, 0, 0.36363636363636365, 0.36363636363636365, 0.3333333333333333, 0.3333333333333333
94, 0.007629870129870112, 0.3947430229345127, 0.16110573823339794, 9, 1, 1, 0, 1, 0, 1, 0, 1, 0, 0.4, 0, 0.42857142857142855, 0, 0.375, 0.375, 0.36363636363636365, 0.36363636363636365
95, 0.008531746031746043, 0.40980374061769353, 0.21182170542635642, 9, 1, 1, 0, 1, 1, 0, 0, 1, 0, 0.42857142857142855, 0, 0.4444444444444444, 0, 0.4, 0.4, 0.375, 0.375
96, 0.004617604617604604, 0.43002044252044264, 0.18690476190476218, 9, 1, 1, 0, 1, 1, 0, 1, 0, 0, 0.4444444444444444, 0, 0.45454545454545453, 0, 0.42857142857142855, 0.2857142857142856, 0.4, 0.4
97, 0.006493506493506496, 0.46103896103896125, 0.09523809523809508, 9, 1, 1, 0, 1, 1, 0, 1, 0, 1, 0.45454545454545453, 0, 0.5, 0, 0.42857142857142855, 0.2857142857142856
98, 0.009920634920634913, 0.4521164021164022, 0.27116402116402133, 9, 1, 1, 1, 0, 1, 0, 1, 0, 1, 0.5, 0, 0.4444444444444444, 0.4444444444444444, 0.4166666666666667, 0.4166666666666667, 0.42857142857142855, 0.2857142857142856
99, 0.0011904761904761932, 0.41507936507936566, 0.3674603174603179, 9, 1, 1, 1, 0, 1, 0, 1, 0, 0, 0.4166666666666667, 0.4166666666666667, 0.4, 0.4, 0.42857142857142855, 0.2857142857142856
100, 0.0025252525252525276, 0.4663299663299666, 0.299663299663299, 9, 1, 1, 1, 0, 1, 1, 0, 0, 1, 0.5, 0, 0.45454545454545453, 0.45454545454545453, 0.4444444444444444, 0.4444444444444444
101, 0.02272727272727272, 0.5000000000000001, 0.2424242424242425, 9, 1, 1, 1, 0, 1, 1, 0, 1, 0, 0.5, 0, 0.5454545454545454, 0, 0.5, 0.5, 0.45454545454545453, 0.45454545454545453
102, 0.0025252525252525415, 0.5336700336700323, 0.16666666666666666, 9, 1, 1, 1, 0, 1, 1, 0, 1, 1, 0.5454545454545454, 0, 0.5555555555555556, 0, 0.5, 0.5
103, 0.003968253968253954, 0.5423280423280411, 0.16666666666666666, 9, 1, 1, 1, 0, 1, 1, 1, 0, 1, 0.5555555555555556, 0, 0.5714285714285714, 0, 0.5, 0.5
104, 0.007142857142857145, 0.5571428571428585, 0.16666666666666666, 9, 1, 1, 1, 0, 2, 0, 1, 0, 1, 0.5714285714285714, 0, 0.6, 0, 0.5, 0.5
105, 0.007142857142857145, 0.5571428571428546, 0.2619047619047611, 9, 1, 1, 1, 1, 1, 0, 1, 0, 1, 0.6, 0, 0.5714285714285714, 0.2857142857142856, 0.5, 0.5
106, 0.005357142857142838, 0.5988095238095238, 0.11746031746031713, 9, 1, 1, 1, 1, 1, 0, 1, 1, 0, 0.6, 0, 0.625, 0, 0.6, 0.1999999999999993, 0.5714285714285714, 0.2857142857142856
107, 0.0022727272727272735, 0.620454545454546, 0.08749999999999977, 9, 1, 1, 1, 1, 1, 1, 0, 1, 0, 0.625, 0, 0.6363636363636364, 0, 0.625, 0.125, 0.6, 0.1999999999999993
108, 0.0018939393939393923, 0.6426767676767667, 0.041666666666666664, 9, 1, 1, 1, 1, 1, 1, 0, 1, 1, 0.6363636363636364, 0, 0.6666666666666666, 0, 0.625, 0.125
109, 0.012499999999999976, 0.6212962962962958, 0.3064814814814814, 9, 1, 2, 0, 1, 1, 1, 0, 1, 1, 0.6666666666666666, 0, 0.6, 0.6, 0.5833333333333334, 0.5833333333333334, 0.625, 0.125
110, 0.009722222222222271, 0.589550264550265, 0.3847883597883588, 9, 1, 2, 0, 1, 1, 1, 0, 1, 0, 0.5833333333333334, 0.5833333333333334, 0.5555555555555556, 0.5555555555555556, 0.6, 0.1999999999999993, 0.625, 0.125
111, 0.016666666666666635, 0.6555555555555571, 0.24444444444444455, 9, 1, 2, 0, 1, 1, 1, 1, 0, 1, 0.6666666666666666, 0, 0.7, 0, 0.6666666666666666, 0.33333333333333304, 0.6, 0.6
112, 0.0023809523809523864, 0.6936507936507931, 0.11111111111111047, 9, 1, 2, 0, 1, 1, 1, 1, 1, 0, 0.7, 0, 0.7142857142857143, 0, 0.6666666666666666, 0.33333333333333304
113, 0.0046176046176046315, 0.569979557479557, 0.3830747955747959, 9, 1, 2, 0, 1, 1, 0, 1, 1, 0, 0.5555555555555556, 0.5555555555555556, 0.5454545454545454, 0.5454545454545454, 0.5714285714285714, 0.2857142857142856, 0.6, 0.1999999999999993
114, 0.006493506493506482, 0.5389610389610389, 0.4437229437229439, 9, 1, 2, 0, 1, 1, 0, 1, 0, 1, 0.5454545454545454, 0.5454545454545454, 0.5, 0.5, 0.5714285714285714, 0.2857142857142856
115, 0.004329004329004349, 0.702741702741702, 0.13492063492063505, 9, 1, 2, 0, 1, 2, 0, 1, 1, 0, 0.7142857142857143, 0, 0.7272727272727273, 0, 0.7142857142857143, 0.14285714285714324, 0.6666666666666666, 0.33333333333333304
116, 0.001623376623376624, 0.7305194805194826, 0.04761904761904772, 9, 1, 2, 0, 1, 2, 0, 1, 1, 1, 0.7272727272727273, 0, 0.75, 0, 0.7142857142857143, 0.14285714285714324
117, 0.005952380952380931, 0.7103174603174591, 0.2698412698412698, 9, 1, 2, 1, 0, 2, 0, 1, 1, 1, 0.75, 0, 0.6666666666666666, 0.6666666666666666, 0.7142857142857143, 0.14285714285714324
118, 0.012987012987013019, 0.6724386724386717, 0.44492544492544434, 9, 1, 2, 1, 0, 2, 0, 1, 1, 0, 0.6666666666666666, 0.6666666666666666, 0.6363636363636364, 0.6363636363636364, 0.6666666666666666, 0.33333333333333304, 0.7142857142857143, 0.14285714285714324
119, 0.0018939393939393923, 0.6426767676767692, 0.5315656565656572, 9, 1, 2, 1, 0, 2, 0, 1, 0, 1, 0.6363636363636364, 0.6363636363636364, 0.625, 0.625, 0.6666666666666666, 0.33333333333333304
120, 0.013888888888888895, 0.7314814814814824, 0.25000000000000033, 9, 1, 2, 1, 0, 2, 1, 0, 1, 1, 0.75, 0, 0.7777777777777778, 0, 0.75, 0.25, 0.6666666666666666, 0.6666666666666666
121, 0.002777777777777782, 0.7759259259259288, 0.08333333333333333, 9, 1, 2, 1, 0, 2, 1, 1, 0, 1, 0.7777777777777778, 0, 0.8, 0, 0.75, 0.25
122, 0.004166666666666666, 0.6305555555555543, 0.5194444444444447, 9, 1, 2, 1, 0, 1, 1, 1, 0, 1, 0.625, 0.625, 0.6, 0.6, 0.6666666666666666, 0.33333333333333304
123, 0.015909090909090984, 0.7448051948051947, 0.42575757575757517, 9, 1, 2, 1, 1, 1, 1, 1, 0, 1, 0.8, 0, 0.7272727272727273, 0.7272727272727273, 0.7, 0.7, 0.75, 0.25
124, 0.015909090909090873, 0.7720779220779231, 0.3885281385281387, 9, 1, 2, 1, 1, 1, 1, 1, 1, 0, 0.8, 0, 0.8181818181818182, 0, 0.75, 0.75, 0.7272727272727273, 0.7272727272727273
125, 0.014610389610389574, 0.808441558441559, 0.25000000000000033, 9, 1, 2, 1, 1, 1, 1, 1, 1, 1, 0.8181818181818182, 0, 0.8571428571428571, 0, 0.75, 0.75
126, 0.008333333333333276, 0.7055555555555575, 0.5388888888888902, 9, 1, 2, 1, 1, 1, 1, 0, 1, 1, 0.7, 0.7, 0.6666666666666666, 0.6666666666666666, 0.75, 0.25
127, 0.016071428571428625, 0.8162698412698379, 0.36666666666666664, 9, 1, 2, 1, 1, 2, 0, 1, 1, 1, 0.8571428571428571, 0, 0.875, 0, 0.8, 0.5999999999999996, 0.75, 0.75
128, 0.009722222222222188, 0.8466931216931236, 0.29523809523809674, 9, 1, 2, 1, 1, 2, 1, 0, 1, 1, 0.875, 0, 0.8888888888888888, 0, 0.8333333333333334, 0.5, 0.8, 0.5999999999999996
129, 0.006349206349206354, 0.8681216931216933, 0.2470238095238097, 9, 1, 2, 1, 1, 2, 1, 1, 0, 1, 0.8888888888888888, 0, 0.9, 0, 0.8571428571428571, 0.4285714285714288, 0.8333333333333334, 0.5
130, 0.004383116883116878, 0.8841149591149595, 0.21230158730158846, 9, 1, 2, 1, 1, 2, 1, 1, 1, 0, 0.9, 0, 0.9090909090909091, 0, 0.875, 0.375, 0.8571428571428571, 0.4285714285714288
131, 0.017045454545454558, 0.9280303030303023, 0.12499999999999993, 9, 1, 2, 1, 1, 2, 1, 1, 1, 1, 0.9090909090909091, 0, 1, 0, 0.875, 0.375
132, 0.008928571428571397, 0.9107142857142891, 0.31547619047619035, 9, 1, 3, 0, 1, 2, 1, 1, 1, 1, 1, 0, 0.8571428571428571, 0.5714285714285712, 0.875, 0.375
133, 0.0029761904761904656, 0.8551587301587283, 0.5138888888888873, 9, 1, 3, 0, 1, 2, 1, 1, 1, 0, 0.8571428571428571, 0.5714285714285712, 0.8333333333333334, 0.6666666666666661, 0.8571428571428571, 0.4285714285714288, 0.875, 0.375
134, 0.004761904761904717, 0.8301587301587313, 0.6039682539682555, 9, 1, 3, 0, 1, 2, 1, 1, 0, 1, 0.8333333333333334, 0.6666666666666661, 0.8, 0.8, 0.8333333333333334, 0.5, 0.8571428571428571, 0.4285714285714288
135, 0.005555555555555591, 0.8037037037037029, 0.6703703703703696, 9, 1, 3, 0, 1, 2, 1, 0, 1, 1, 0.8, 0.8, 0.7777777777777778, 0.7777777777777778, 0.8, 0.5999999999999996, 0.8333333333333334, 0.5
136, 0.00277777777777774, 0.7759259259259305, 0.7092592592592625, 9, 1, 3, 0, 1, 2, 0, 1, 1, 1, 0.7777777777777778, 0.7777777777777778, 0.75, 0.75, 0.8, 0.5999999999999996
137, 0.011904761904761973, 0.8968253968253929, 0.4682539682539671, 9, 1, 3, 1, 0, 2, 1, 1, 1, 1, 1, 0, 0.8333333333333334, 0.8333333333333334, 0.8571428571428571, 0.5714285714285712
138, 0.0032467532467532756, 0.8362193362193354, 0.7224627224627221, 9, 1, 3, 1, 0, 2, 1, 1, 1, 0, 0.8333333333333334, 0.8333333333333334, 0.8181818181818182, 0.8181818181818182, 0.8333333333333334, 0.6666666666666661, 0.8571428571428571, 0.5714285714285712
139, 0.001515151515151525, 0.8171717171717194, 0.7616161616161607, 9, 1, 3, 1, 0, 2, 1, 1, 0, 1, 0.8181818181818182, 0.8181818181818182, 0.8, 0.8, 0.8333333333333334, 0.6666666666666661
140, 0.020833333333333315, 0.9027777777777776, 0.5694444444444443, 9, 1, 3, 1, 1, 1, 1, 1, 1, 1, 1, 0, 0.875, 0.875, 0.8333333333333334, 0.8333333333333334
141, 0.00694444444444442, 0.9212962962962973, 0.587962962962964, 9, 1, 3, 1, 1, 2, 0, 1, 1, 1, 1, 0, 0.8888888888888888, 0.8888888888888888, 0.875, 0.875
142, 0.005555555555555591, 0.9296296296296254, 0.5962962962962953, 9, 1, 3, 1, 1, 2, 1, 0, 1, 1, 1, 0, 0.9, 0.9, 0.8888888888888888, 0.8888888888888888
143, 0.004545454545454519, 0.9363636363636428, 0.6030303030303014, 9, 1, 3, 1, 1, 2, 1, 1, 0, 1, 1, 0, 0.9090909090909091, 0.9090909090909091, 0.9, 0.9
144, 0.0037878787878787845, 0.9419191919191823, 0.6085858585858587, 9, 1, 3, 1, 1, 2, 1, 1, 1, 0, 1, 0, 0.9166666666666666, 0.9166666666666666, 0.9090909090909091, 0.9090909090909091
145, 0.041666666666666685, 0.9722222222222228, 0.638888888888889, 9, 1, 3, 1, 1, 2, 1, 1, 1, 1, 1, 0, 1, 1, 0.9166666666666666, 0.9166666666666666
