nr, area, centroidx, centroidy, numBars, pixPerBar0, ..., pixPerBarN, vertex1x, vertex1y, vertex2x, ...
0, 0.05555555555555555, 0.037037037037037035, 0.37037037037037035, 6, 0, 0, 0, 0, 0, 0, 0, 0, 0.1111111111111111, 0.1111111111111111, 0, 1
1, 0.0069444444444444475, 0.07870370370370368, 0.41203703703703703, 6, 0, 0, 0, 0, 0, 1, 0.1111111111111111, 0.1111111111111111, 0.125, 0.125, 0, 1
2, 0.037500000000000006, 0.10833333333333335, 0.44166666666666654, 6, 0, 0, 0, 0, 1, 0, 0.125, 0.125, 0.2, 0.2, 0, 1
3, 0.022222222222222213, 0.14074074074074075, 0.5074074074074073, 6, 0, 0, 0, 1, 0, 0, 0.2, 0.2, 0.2222222222222222, 0.2222222222222222, 0.2, 0.3999999999999999, 0, 1
4, 0.0027777777777777783, 0.22407407407407398, 0.29074074074074063, 6, 0, 0, 0, 1, 0, 1, 0.2222222222222222, 0.2222222222222222, 0.25, 0.25, 0.2, 0.3999999999999999
5, 0.008333333333333338, 0.2055555555555557, 0.4722222222222223, 6, 0, 0, 1, 0, 0, 1, 0.25, 0.25, 0.2, 0.6000000000000001, 0.16666666666666666, 0.6666666666666667, 0.2, 0.3999999999999999
6, 0.016666666666666677, 0.12222222222222225, 0.6888888888888893, 6, 0, 0, 1, 0, 0, 0, 0.16666666666666666, 0.6666666666666667, 0, 1, 0.2, 0.3999999999999999
7, 0.01666666666666667, 0.26111111111111107, 0.39444444444444443, 6, 0, 0, 1, 0, 1, 0, 0.25, 0.25, 0.3333333333333333, 0.3333333333333333, 0.2, 0.6000000000000001
8, 0.05476190476190476, 0.23626639061421661, 0.7314009661835751, 6, 0, 1, 0, 0, 1, 0, 0.3333333333333333, 0.3333333333333333, 0.25, 1, 0.14285714285714285, 1, 0.2, 0.6000000000000001
9, 0.020833333333333315, 0.3194444444444445, 0.5972222222222224, 6, 0, 1, 0, 0, 1, 1, 0.3333333333333333, 0.3333333333333333, 0.375, 0.375, 0.3333333333333333, 0.6666666666666665, 0.25, 1
10, 0.004166666666666666, 0.3694444444444451, 0.4805555555555553, 6, 0, 1, 0, 0, 2, 0, 0.375, 0.375, 0.4, 0.4, 0.3333333333333333, 0.6666666666666665
11, 0.007738095238095231, 0.16022588522588538, 0.8068376068376072, 6, 0, 1, 0, 0, 0, 1, 0.14285714285714285, 1, 0.125, 1, 0.16666666666666666, 0.6666666666666667, 0.2, 0.6000000000000001
12, 0.02083333333333333, 0.09722222222222218, 0.8888888888888888, 6, 0, 1, 0, 0, 0, 0, 0.125, 1, 0, 1, 0.16666666666666666, 0.6666666666666667
13, 0.041269841269841276, 0.368172568172568, 0.7113960113960113, 6, 0, 1, 0, 1, 1, 0, 0.4, 0.4, 0.4444444444444444, 0.4444444444444444, 0.4, 0.7999999999999998, 0.3333333333333333, 1, 0.2857142857142857, 1, 0.3333333333333333, 0.6666666666666665
14, 0.011111111111111113, 0.44814814814814796, 0.5814814814814813, 6, 0, 1, 0, 1, 1, 1, 0.4444444444444444, 0.4444444444444444, 0.5, 0.5, 0.4, 0.7999999999999998
15, 0.005952380952380959, 0.28968253968253993, 0.8888888888888886, 6, 0, 1, 0, 1, 0, 1, 0.2857142857142857, 1, 0.25, 1, 0.3333333333333333, 0.6666666666666665
16, 0.01964285714285713, 0.431493506493507, 0.8121212121212116, 6, 0, 1, 1, 0, 1, 1, 0.5, 0.5, 0.42857142857142855, 1, 0.375, 1, 0.4, 0.7999999999999998
17, 0.00416666666666668, 0.3694444444444433, 0.933333333333332, 6, 0, 1, 1, 0, 1, 0, 0.375, 1, 0.3333333333333333, 1, 0.4, 0.7999999999999998
18, 0.03174603174603177, 0.49470899470899443, 0.7685185185185184, 6, 0, 1, 1, 0, 2, 0, 0.5, 0.5, 0.5555555555555556, 0.5555555555555556, 0.5, 1, 0.42857142857142855, 1
19, 0.0111111111111111, 0.5518518518518523, 0.7185185185185186, 6, 0, 1, 1, 0, 2, 1, 0.5555555555555556, 0.5555555555555556, 0.6, 0.6, 0.5, 1
20, 0.012500000000000039, 0.5750000000000001, 0.7750000000000004, 6, 0, 1, 1, 1, 1, 1, 0.6, 0.6, 0.625, 0.625, 0.6, 0.8000000000000007, 0.5, 1
21, 0.00416666666666668, 0.6305555555555544, 0.6972222222222213, 6, 0, 1, 1, 1, 2, 0, 0.625, 0.625, 0.6666666666666666, 0.6666666666666666, 0.6, 0.8000000000000007
22, 0.01369047619047617, 0.618133195307108, 0.8657004830917876, 6, 0, 2, 0, 1, 2, 0, 0.6666666666666666, 0.6666666666666666, 0.625, 1, 0.5714285714285714, 1, 0.6, 0.8000000000000007
23, 0.020833333333333315, 0.6805555555555559, 0.8333333333333338, 6, 0, 2, 0, 1, 2, 1, 0.6666666666666666, 0.6666666666666666, 0.75, 0.75, 0.6666666666666666, 1, 0.625, 1
24, 0.0071428571428571175, 0.5571428571428554, 0.9333333333333323, 6, 0, 2, 0, 1, 1, 1, 0.5714285714285714, 1, 0.5, 1, 0.6, 0.8000000000000007
25, 0.005952380952380987, 0.710317460317461, 0.9166666666666643, 6, 0, 2, 1, 0, 2, 1, 0.75, 0.75, 0.7142857142857143, 1, 0.6666666666666666, 1
26, 0.007936507936507908, 0.7473544973544974, 0.8842592592592602, 6, 0, 2, 1, 0, 3, 0, 0.75, 0.75, 0.7777777777777778, 0.7777777777777778, 0.75, 1, 0.7142857142857143, 1
27, 0.002777777777777768, 0.7759259259259293, 0.8592592592592626, 6, 0, 2, 1, 0, 3, 1, 0.7777777777777778, 0.7777777777777778, 0.8, 0.8, 0.75, 1
28, 0.01607142857142857, 0.8162698412698413, 0.9194444444444443, 6, 0, 2, 1, 1, 2, 1, 0.8, 0.8, 0.875, 0.875, 0.8571428571428571, 1, 0.75, 1
29, 0.0019841269841270326, 0.8736772486772406, 0.942129629629623, 6, 0, 2, 1, 1, 3, 0, 0.875, 0.875, 0.8888888888888888, 0.8888888888888888, 0.875, 1, 0.8571428571428571, 1
30, 0.00694444444444442, 0.9212962962962973, 0.962962962962964, 6, 0, 2, 1, 1, 3, 1, 0.8888888888888888, 0.8888888888888888, 1, 1, 0.875, 1
31, 0.006944444444444444, 0.0787037037037037, 0.037037037037037035, 6, 1, 0, 0, 0, 0, 0, 0, 0, 0.125, 0, 0.1111111111111111, 0.1111111111111111
32, 0.001984126984126984, 0.12632275132275128, 0.05787037037037037, 6, 1, 0, 0, 0, 0, 1, 0.125, 0, 0.14285714285714285, 0, 0.125, 0.125, 0.1111111111111111, 0.1111111111111111
33, 0.016071428571428573, 0.18373015873015874, 0.08055555555555556, 6, 1, 0, 0, 0, 1, 0, 0.14285714285714285, 0, 0.25, 0, 0.2, 0.2, 0.125, 0.125
34, 0.002777777777777775, 0.22407407407407406, 0.14074074074074072, 6, 1, 0, 0, 1, 0, 0, 0.25, 0, 0.2222222222222222, 0.2222222222222222, 0.2, 0.2
35, 0.007936507936507936, 0.25264550264550256, 0.11574074074074074, 6, 1, 0, 0, 1, 0, 1, 0.25, 0, 0.2857142857142857, 0, 0.25, 0.25, 0.2222222222222222, 0.2222222222222222
36, 0.005952380952380952, 0.2896825396825397, 0.08333333333333333, 6, 1, 0, 0, 1, 1, 0, 0.2857142857142857, 0, 0.3333333333333333, 0, 0.25, 0.25
37, 0.020833333333333336, 0.3194444444444444, 0.16666666666666666, 6, 1, 0, 1, 0, 1, 0, 0.3333333333333333, 0, 0.375, 0, 0.3333333333333333, 0.3333333333333333, 0.25, 0.25
38, 0.013690476190476197, 0.3818668046928916, 0.13429951690821257, 6, 1, 0, 1, 0, 1, 1, 0.375, 0, 0.42857142857142855, 0, 0.4, 0.20000000000000018, 0.3333333333333333, 0.3333333333333333
39, 0.007142857142857152, 0.44285714285714306, 0.06666666666666674, 6, 1, 0, 1, 0, 2, 0, 0.42857142857142855, 0, 0.5, 0, 0.4, 0.20000000000000018
40, 0.012499999999999983, 0.4250000000000002, 0.22500000000000017, 6, 1, 1, 0, 0, 2, 0, 0.5, 0, 0.4, 0.4, 0.375, 0.375, 0.4, 0.20000000000000018
41, 0.004166666666666673, 0.3694444444444442, 0.30277777777777776, 6, 1, 1, 0, 0, 1, 1, 0.375, 0.375, 0.3333333333333333, 0.3333333333333333, 0.4, 0.20000000000000018
42, 0.0111111111111111, 0.44814814814814813, 0.28148148148148144, 6, 1, 1, 0, 1, 1, 0, 0.5, 0, 0.4444444444444444, 0.4444444444444444, 0.4, 0.4
43, 0.031746031746031744, 0.5052910052910051, 0.23148148148148148, 6, 1, 1, 0, 1, 1, 1, 0.5, 0, 0.5714285714285714, 0, 0.5, 0.5, 0.4444444444444444, 0.4444444444444444
44, 0.0196428571428571, 0.5685064935064936, 0.1878787878787877, 6, 1, 1, 0, 1, 2, 0, 0.5714285714285714, 0, 0.625, 0, 0.6, 0.1999999999999993, 0.5, 0.5
45, 0.004166666666666652, 0.6305555555555553, 0.0666666666666665, 6, 1, 1, 0, 1, 2, 1, 0.625, 0, 0.6666666666666666, 0, 0.6, 0.1999999999999993
46, 0.04126984126984129, 0.6318274318274321, 0.28860398860398834, 6, 1, 1, 1, 0, 2, 1, 0.6666666666666666, 0, 0.7142857142857143, 0, 0.6666666666666666, 0.33333333333333304, 0.6, 0.6, 0.5555555555555556, 0.5555555555555556, 0.6, 0.1999999999999993
47, 0.011111111111111127, 0.5518518518518514, 0.41851851851851857, 6, 1, 1, 1, 0, 2, 0, 0.5555555555555556, 0.5555555555555556, 0.5, 0.5, 0.6, 0.1999999999999993
48, 0.005952380952380945, 0.7103174603174582, 0.11111111111111124, 6, 1, 1, 1, 0, 3, 0, 0.7142857142857143, 0, 0.75, 0, 0.6666666666666666, 0.33333333333333304
49, 0.02083333333333337, 0.6805555555555555, 0.4027777777777775, 6, 1, 1, 1, 1, 2, 0, 0.75, 0, 0.6666666666666666, 0.6666666666666666, 0.625, 0.625, 0.6666666666666666, 0.33333333333333304
50, 0.05476190476190479, 0.7637336093857832, 0.26859903381642514, 6, 1, 1, 1, 1, 2, 1, 0.75, 0, 0.8571428571428571, 0, 0.8, 0.40000000000000036, 0.6666666666666666, 0.6666666666666666
51, 0.007738095238095266, 0.8397741147741178, 0.19316239316239345, 6, 1, 1, 1, 1, 3, 0, 0.8571428571428571, 0, 0.875, 0, 0.8333333333333334, 0.3333333333333339, 0.8, 0.40000000000000036
52, 0.02083333333333337, 0.9027777777777779, 0.1111111111111113, 6, 1, 1, 1, 1, 3, 1, 0.875, 0, 1, 0, 0.8333333333333334, 0.3333333333333339
53, 0.004166666666666666, 0.6305555555555543, 0.5194444444444447, 6, 1, 1, 1, 1, 1, 1, 0.625, 0.625, 0.6, 0.6, 0.6666666666666666, 0.33333333333333304
54, 0.01666666666666658, 0.8777777777777774, 0.31111111111111156, 6, 1, 2, 0, 1, 3, 1, 1, 0, 0.8, 0.5999999999999996, 0.8333333333333334, 0.3333333333333339
55, 0.008333333333333304, 0.7944444444444448, 0.5277777777777778, 6, 1, 2, 0, 1, 3, 0, 0.8, 0.5999999999999996, 0.75, 0.75, 0.8, 0.40000000000000036, 0.8333333333333334, 0.3333333333333339
56, 0.01666666666666669, 0.7388888888888884, 0.6055555555555555, 6, 1, 2, 0, 1, 2, 1, 0.75, 0.75, 0.6666666666666666, 0.6666666666666666, 0.8, 0.40000000000000036
57, 0.022222222222222254, 0.85925925925926, 0.49259259259259364, 6, 1, 2, 1, 0, 3, 1, 1, 0, 0.8, 0.8, 0.7777777777777778, 0.7777777777777778, 0.8, 0.5999999999999996
58, 0.00277777777777774, 0.7759259259259305, 0.7092592592592625, 6, 1, 2, 1, 0, 3, 0, 0.7777777777777778, 0.7777777777777778, 0.75, 0.75, 0.8, 0.5999999999999996
59, 0.03749999999999998, 0.8916666666666665, 0.5583333333333331, 6, 1, 2, 1, 1, 2, 1, 1, 0, 0.875, 0.875, 0.8, 0.8
60, 0.00694444444444442, 0.9212962962962973, 0.587962962962964, 6, 1, 2, 1, 1, 3, 0, 1, 0, 0.8888888888888888, 0.8888888888888888, 0.875, 0.875
61, 0.05555555555555558, 0.9629629629629628, 0.6296296296296294, 6, 1, 2, 1, 1, 3, 1, 1, 0, 1, 1, 0.8888888888888888, 0.8888888888888888
