nr, area, centroidx, centroidy, numBars, pixPerBar0, ..., pixPerBarN, vertex1x, vertex1y, vertex2x, ...
0, 0.041666666666666664, 0.027777777777777776, 0.36111111111111105, 9, 0, 0, 0, 0, 0, 0, 0, 0, 0, 0, 0, 0.08333333333333333, 0.08333333333333333, 0, 1
1, 0.0037878787878787915, 0.05808080808080805, 0.3914141414141412, 9, 0, 0, 0, 0, 0, 0, 0, 0, 1, 0.08333333333333333, 0.08333333333333333, 0.09090909090909091, 0.09090909090909091, 0, 1
2, 0.004545454545454547, 0.06363636363636367, 0.39696969696969775, 9, 0, 0, 0, 0, 0, 0, 0, 1, 0, 0.09090909090909091, 0.09090909090909091, 0.1, 0.1, 0, 1
3, 0.00555555555555555, 0.07037037037037036, 0.4037037037037035, 9, 0, 0, 0, 0, 0, 0, 1, 0, 0, 0.1, 0.1, 0.1111111111111111, 0.1111111111111111, 0, 1
4, 0.0069444444444444475, 0.07870370370370368, 0.41203703703703703, 9, 0, 0, 0, 0, 0, 1, 0, 0, 0, 0.1111111111111111, 0.1111111111111111, 0.125, 0.125, 0, 1
5, 0.02083333333333333, 0.09722222222222224, 0.4305555555555557, 9, 0, 0, 0, 0, 1, 0, 0, 0, 0, 0.125, 0.125, 0.16666666666666666, 0.16666666666666666, 0, 1
6, 0.011904761904761904, 0.10317460317460322, 0.5317460317460317, 9, 0, 0, 0, 1, 0, 0, 0, 0, 0, 0.16666666666666666, 0.16666666666666666, 0.14285714285714285, 0.4285714285714286, 0, 1
7, 0.003246753246753248, 0.1637806637806638, 0.2775372775372775, 9, 0, 0, 0, 1, 0, 0, 0, 0, 1, 0.16666666666666666, 0.16666666666666666, 0.18181818181818182, 0.18181818181818182, 0.16666666666666666, 0.33333333333333326, 0.14285714285714285, 0.4285714285714286
8, 0.0015151515151515145, 0.1828282828282828, 0.23838383838383817, 9, 0, 0, 0, 1, 0, 0, 0, 1, 0, 0.18181818181818182, 0.18181818181818182, 0.2, 0.2, 0.16666666666666666, 0.33333333333333326
9, 0.007738095238095242, 0.16022588522588524, 0.48638583638583577, 9, 0, 0, 1, 0, 0, 0, 0, 1, 0, 0.2, 0.2, 0.14285714285714285, 0.7142857142857142, 0.125, 0.75, 0.16666666666666666, 0.33333333333333326
10, 0.0049603174603174705, 0.13743386243386224, 0.5632275132275125, 9, 0, 0, 1, 0, 0, 0, 0, 0, 1, 0.125, 0.75, 0.1111111111111111, 0.7777777777777777, 0.14285714285714285, 0.4285714285714286, 0.16666666666666666, 0.33333333333333326
11, 0.015873015873015858, 0.08465608465608465, 0.7354497354497356, 9, 0, 0, 1, 0, 0, 0, 0, 0, 0, 0.1111111111111111, 0.7777777777777777, 0, 1, 0.14285714285714285, 0.4285714285714286
12, 0.010317460317460315, 0.18408628408628405, 0.43866503866503886, 9, 0, 0, 1, 0, 0, 0, 1, 0, 0, 0.2, 0.2, 0.2222222222222222, 0.2222222222222222, 0.16666666666666666, 0.6666666666666667, 0.14285714285714285, 0.7142857142857142
13, 0.011111111111111113, 0.2101851851851854, 0.4268518518518521, 9, 0, 0, 1, 0, 0, 1, 0, 0, 0, 0.2222222222222222, 0.2222222222222222, 0.25, 0.25, 0.2, 0.6000000000000001, 0.16666666666666666, 0.6666666666666667
14, 0.002777777777777775, 0.22407407407407387, 0.46851851851851917, 9, 0, 0, 1, 0, 1, 0, 0, 0, 0, 0.25, 0.25, 0.2222222222222222, 0.5555555555555554, 0.2, 0.6000000000000001
15, 0.006313131313131312, 0.24831649831649838, 0.3927609427609429, 9, 0, 0, 1, 0, 1, 0, 0, 0, 1, 0.25, 0.25, 0.2727272727272727, 0.2727272727272727, 0.25, 0.5, 0.2222222222222222, 0.5555555555555554
16, 0.00519480519480519, 0.2757305194805194, 0.3754329004329003, 9, 0, 0, 1, 0, 1, 0, 0, 1, 0, 0.2727272727272727, 0.2727272727272727, 0.3, 0.3, 0.2857142857142857, 0.4285714285714284, 0.25, 0.5
17, 0.0023809523809523794, 0.30634920634920665, 0.35396825396825354, 9, 0, 0, 1, 0, 1, 0, 1, 0, 0, 0.3, 0.3, 0.3333333333333333, 0.3333333333333333, 0.2857142857142857, 0.4285714285714284
18, 0.005952380952380973, 0.28968253968253926, 0.5039682539682533, 9, 0, 1, 0, 0, 1, 0, 1, 0, 0, 0.3333333333333333, 0.3333333333333333, 0.25, 0.75, 0.2857142857142857, 0.4285714285714284
19, 0.010714285714285704, 0.24523809523809517, 0.6706349206349207, 9, 0, 1, 0, 0, 1, 0, 0, 1, 0, 0.25, 0.75, 0.2, 1, 0.25, 0.5, 0.2857142857142857, 0.4285714285714284
20, 0.009595959595959616, 0.21450469608364334, 0.7553606237816757, 9, 0, 1, 0, 0, 1, 0, 0, 0, 1, 0.2, 1, 0.18181818181818182, 1, 0.2222222222222222, 0.5555555555555554, 0.25, 0.5
21, 0.01183261183261182, 0.18392519855934492, 0.8160794941282751, 9, 0, 1, 0, 0, 1, 0, 0, 0, 0, 0.18181818181818182, 1, 0.14285714285714285, 1, 0.2, 0.6000000000000001, 0.2222222222222222, 0.5555555555555554
22, 0.007738095238095231, 0.16022588522588538, 0.8068376068376072, 9, 0, 1, 0, 0, 0, 1, 0, 0, 0, 0.14285714285714285, 1, 0.125, 1, 0.16666666666666666, 0.6666666666666667, 0.2, 0.6000000000000001
23, 0.0049603174603174635, 0.13743386243386221, 0.8380952380952382, 9, 0, 1, 0, 0, 0, 0, 1, 0, 0, 0.125, 1, 0.1111111111111111, 1, 0.14285714285714285, 0.7142857142857142, 0.16666666666666666, 0.6666666666666667
24, 0.003373015873015875, 0.12044039838157475, 0.8606442577030806, 9, 0, 1, 0, 0, 0, 0, 0, 1, 0, 0.1111111111111111, 1, 0.1, 1, 0.125, 0.75, 0.14285714285714285, 0.7142857142857142
25, 0.0023989898989899006, 0.10725234804182171, 0.8776803118908384, 9, 0, 1, 0, 0, 0, 0, 0, 0, 1, 0.1, 1, 0.09090909090909091, 1, 0.1111111111111111, 0.7777777777777777, 0.125, 0.75
26, 0.010101010101010104, 0.06734006734006734, 0.9259259259259258, 9, 0, 1, 0, 0, 0, 0, 0, 0, 0, 0.09090909090909091, 1, 0, 1, 0.1111111111111111, 0.7777777777777777
27, 0.013888888888888881, 0.2685185185185184, 0.7500000000000004, 9, 0, 1, 0, 1, 0, 0, 1, 0, 0, 0.3333333333333333, 0.3333333333333333, 0.25, 1, 0.2222222222222222, 1, 0.25, 0.75
28, 0.002777777777777782, 0.2240740740740737, 0.9166666666666654, 9, 0, 1, 0, 1, 0, 0, 0, 1, 0, 0.2222222222222222, 1, 0.2, 1, 0.25, 0.75
29, 0.005952380952380931, 0.28968253968254093, 0.7301587301587315, 9, 0, 1, 0, 1, 0, 1, 0, 0, 0, 0.3333333333333333, 0.3333333333333333, 0.2857142857142857, 0.8571428571428572, 0.25, 1
30, 0.012987012987012991, 0.3275613275613276, 0.555074555074555, 9, 0, 1, 0, 1, 0, 1, 0, 0, 1, 0.3333333333333333, 0.3333333333333333, 0.36363636363636365, 0.36363636363636365, 0.3333333333333333, 0.6666666666666665, 0.2857142857142857, 0.8571428571428572
31, 0.0018939393939393923, 0.3573232323232308, 0.4684343434343427, 9, 0, 1, 0, 1, 0, 1, 0, 1, 0, 0.36363636363636365, 0.36363636363636365, 0.375, 0.375, 0.3333333333333333, 0.6666666666666665
32, 0.004166666666666666, 0.3694444444444451, 0.4805555555555553, 9, 0, 1, 0, 1, 1, 0, 0, 1, 0, 0.375, 0.375, 0.4, 0.4, 0.3333333333333333, 0.6666666666666665
33, 0.016666666666666705, 0.3444444444444445, 0.7555555555555551, 9, 0, 1, 1, 0, 1, 0, 0, 1, 0, 0.4, 0.4, 0.3333333333333333, 1, 0.3, 1, 0.3333333333333333, 0.6666666666666665
34, 0.0023809523809523725, 0.3063492063492068, 0.8888888888888888, 9, 0, 1, 1, 0, 1, 0, 0, 0, 1, 0.3, 1, 0.2857142857142857, 1, 0.3333333333333333, 0.6666666666666665
35, 0.014393939393939376, 0.3758904837852202, 0.7283625730994162, 9, 0, 1, 1, 0, 1, 0, 1, 0, 0, 0.4, 0.4, 0.4166666666666667, 0.4166666666666667, 0.36363636363636365, 1, 0.3333333333333333, 1
36, 0.011994949494949503, 0.40459418748892445, 0.6715399610136443, 9, 0, 1, 1, 0, 1, 0, 1, 0, 1, 0.4166666666666667, 0.4166666666666667, 0.4444444444444444, 0.4444444444444444, 0.375, 1, 0.36363636363636365, 1
37, 0.00997474747474747, 0.41453671738481845, 0.759578911477646, 9, 0, 1, 1, 0, 1, 1, 0, 0, 1, 0.4444444444444444, 0.4444444444444444, 0.45454545454545453, 0.45454545454545453, 0.4, 1, 0.375, 1
38, 0.013636363636363641, 0.4515151515151521, 0.6515151515151513, 9, 0, 1, 1, 0, 1, 1, 0, 1, 0, 0.45454545454545453, 0.45454545454545453, 0.5, 0.5, 0.4, 1
39, 0.004329004329004335, 0.2972582972582968, 0.865079365079365, 9, 0, 1, 1, 0, 0, 1, 0, 0, 1, 0.2857142857142857, 1, 0.2727272727272727, 1, 0.2857142857142857, 0.8571428571428572, 0.3333333333333333, 0.6666666666666665
40, 0.001623376623376624, 0.26948051948051954, 0.9523809523809516, 9, 0, 1, 1, 0, 0, 1, 0, 0, 0, 0.2727272727272727, 1, 0.25, 1, 0.2857142857142857, 0.8571428571428572
41, 0.0071428571428571175, 0.4428571428571433, 0.8333333333333346, 9, 0, 1, 1, 1, 0, 1, 0, 1, 0, 0.5, 0.5, 0.42857142857142855, 1, 0.4, 1
42, 0.003968253968253982, 0.4576719576719557, 0.8333333333333321, 9, 0, 1, 1, 1, 1, 0, 0, 1, 0, 0.5, 0.5, 0.4444444444444444, 1, 0.42857142857142855, 1
43, 0.0025252525252525138, 0.4663299663299655, 0.8333333333333351, 9, 0, 1, 1, 1, 1, 0, 1, 0, 0, 0.5, 0.5, 0.45454545454545453, 1, 0.4444444444444444, 1
44, 0.022727272727272735, 0.5000000000000002, 0.757575757575758, 9, 0, 1, 1, 1, 1, 0, 1, 0, 1, 0.5, 0.5, 0.5454545454545454, 0.5454545454545454, 0.5, 1, 0.45454545454545453, 1
45, 0.0025252525252525415, 0.5336700336700323, 0.7003367003366989, 9, 0, 1, 1, 1, 1, 0, 1, 1, 0, 0.5454545454545454, 0.5454545454545454, 0.5555555555555556, 0.5555555555555556, 0.5, 1
46, 0.009920634920634913, 0.5478835978835973, 0.7288359788359793, 9, 0, 1, 1, 1, 1, 1, 0, 1, 0, 0.5555555555555556, 0.5555555555555556, 0.5833333333333334, 0.5833333333333334, 0.5714285714285714, 0.7142857142857144, 0.5, 1
47, 0.001190476190476214, 0.58492063492063, 0.6325396825396778, 9, 0, 1, 1, 1, 1, 1, 0, 1, 1, 0.5833333333333334, 0.5833333333333334, 0.6, 0.6, 0.5714285714285714, 0.7142857142857144
48, 0.0031746031746031356, 0.5756613756613769, 0.7582010582010604, 9, 0, 1, 2, 0, 1, 1, 0, 1, 1, 0.6, 0.6, 0.5714285714285714, 0.8571428571428568, 0.5555555555555556, 0.8888888888888884, 0.5714285714285714, 0.7142857142857144
49, 0.003968253968253926, 0.5423280423280432, 0.8677248677248705, 9, 0, 1, 2, 0, 1, 1, 0, 1, 0, 0.5555555555555556, 0.8888888888888884, 0.5, 1, 0.5714285714285714, 0.7142857142857144
50, 0.005357142857142866, 0.5988095238095259, 0.7162698412698412, 9, 0, 1, 2, 0, 1, 1, 1, 0, 1, 0.6, 0.6, 0.625, 0.625, 0.6, 0.8000000000000007, 0.5714285714285714, 0.8571428571428568
51, 0.002272727272727315, 0.6204545454545387, 0.707954545454541, 9, 0, 1, 2, 0, 2, 0, 1, 0, 1, 0.625, 0.625, 0.6363636363636364, 0.6363636363636364, 0.625, 0.75, 0.6, 0.8000000000000007
52, 0.0018939393939393923, 0.642676767676768, 0.6843434343434346, 9, 0, 1, 2, 0, 2, 0, 1, 1, 0, 0.6363636363636364, 0.6363636363636364, 0.6666666666666666, 0.6666666666666666, 0.625, 0.75
53, 0.004166666666666624, 0.6305555555555562, 0.8055555555555581, 9, 0, 2, 1, 0, 2, 0, 1, 1, 0, 0.6666666666666666, 0.6666666666666666, 0.6, 1, 0.625, 0.75
54, 0.005357142857142838, 0.5988095238095247, 0.8944444444444458, 9, 0, 2, 1, 0, 2, 0, 1, 0, 1, 0.6, 1, 0.5714285714285714, 1, 0.6, 0.8000000000000007, 0.625, 0.75
55, 0.003174603174603191, 0.5756613756613741, 0.9095238095238077, 9, 0, 2, 1, 0, 1, 1, 1, 0, 1, 0.5714285714285714, 1, 0.5555555555555556, 1, 0.5714285714285714, 0.8571428571428568, 0.6, 0.8000000000000007
56, 0.0014430014430014682, 0.5574795574795565, 0.9338624338624261, 9, 0, 2, 1, 0, 1, 1, 0, 1, 1, 0.5555555555555556, 1, 0.5454545454545454, 1, 0.5555555555555556, 0.8888888888888884, 0.5714285714285714, 0.8571428571428568
57, 0.0025252525252525415, 0.5336700336700332, 0.9629629629629616, 9, 0, 2, 1, 0, 1, 1, 0, 1, 0, 0.5454545454545454, 1, 0.5, 1, 0.5555555555555556, 0.8888888888888884
58, 0.00416666666666668, 0.6305555555555544, 0.8888888888888874, 9, 0, 2, 1, 1, 1, 0, 1, 1, 0, 0.6666666666666666, 0.6666666666666666, 0.625, 1, 0.6, 1
59, 0.0018939393939393923, 0.6426767676767692, 0.8888888888888905, 9, 0, 2, 1, 1, 1, 1, 0, 1, 0, 0.6666666666666666, 0.6666666666666666, 0.6363636363636364, 1, 0.625, 1
60, 0.010606060606060591, 0.6676767676767686, 0.836507936507937, 9, 0, 2, 1, 1, 1, 1, 0, 1, 1, 0.6666666666666666, 0.6666666666666666, 0.7, 0.7, 0.6666666666666666, 1, 0.6363636363636364, 1
61, 0.009090909090909122, 0.6979797979797974, 0.8590909090909079, 9, 0, 2, 1, 1, 1, 1, 1, 0, 1, 0.7, 0.7, 0.7272727272727273, 0.7272727272727273, 0.7, 1, 0.6666666666666666, 1
62, 0.0051948051948051965, 0.7242694805194816, 0.8570075757575758, 9, 0, 2, 1, 1, 1, 1, 1, 1, 0, 0.7272727272727273, 0.7272727272727273, 0.75, 0.75, 0.7142857142857143, 1, 0.7, 1
63, 0.0016233766233766378, 0.7305194805194792, 0.9166666666666666, 9, 0, 2, 1, 1, 2, 0, 1, 1, 0, 0.75, 0.75, 0.7272727272727273, 1, 0.7142857142857143, 1
64, 0.0063131313131312705, 0.7516835016835022, 0.8759259259259269, 9, 0, 2, 1, 1, 2, 0, 1, 1, 1, 0.75, 0.75, 0.7777777777777778, 0.7777777777777778, 0.75, 1, 0.7272727272727273, 1
65, 0.002777777777777768, 0.7759259259259293, 0.8592592592592626, 9, 0, 2, 1, 1, 2, 1, 0, 1, 1, 0.7777777777777778, 0.7777777777777778, 0.8, 0.8, 0.75, 1
66, 0.0027777777777778234, 0.7759259259259238, 0.9333333333333274, 9, 0, 2, 2, 0, 2, 1, 0, 1, 1, 0.8, 0.8, 0.7777777777777778, 1, 0.75, 1
67, 0.004040404040404011, 0.7986531986531986, 0.9060606060606086, 9, 0, 2, 2, 0, 2, 1, 1, 0, 1, 0.8, 0.8, 0.8181818181818182, 0.8181818181818182, 0.8, 1, 0.7777777777777778, 1
68, 0.001515151515151525, 0.8171717171717133, 0.8838383838383861, 9, 0, 2, 2, 0, 2, 1, 1, 1, 0, 0.8181818181818182, 0.8181818181818182, 0.8333333333333334, 0.8333333333333334, 0.8, 1
69, 0.001515151515151525, 0.8171717171717194, 0.9444444444444383, 9, 0, 2, 2, 1, 1, 1, 1, 1, 0, 0.8333333333333334, 0.8333333333333334, 0.8181818181818182, 1, 0.8, 1
70, 0.006222943722943686, 0.8452773072338308, 0.9245169082125618, 9, 0, 2, 2, 1, 1, 1, 1, 1, 1, 0.8333333333333334, 0.8333333333333334, 0.875, 0.875, 0.8571428571428571, 1, 0.8181818181818182, 1
71, 0.0019841269841270326, 0.8736772486772406, 0.942129629629623, 9, 0, 2, 2, 1, 2, 0, 1, 1, 1, 0.875, 0.875, 0.8888888888888888, 0.8888888888888888, 0.875, 1, 0.8571428571428571, 1
72, 0.001388888888888884, 0.8879629629629613, 0.948148148148148, 9, 0, 2, 2, 1, 2, 1, 0, 1, 1, 0.8888888888888888, 0.8888888888888888, 0.9, 0.9, 0.8888888888888888, 1, 0.875, 1
73, 0.0010101010101010166, 0.8993265993265984, 0.9530303030303026, 9, 0, 2, 2, 1, 2, 1, 1, 0, 1, 0.9, 0.9, 0.9090909090909091, 0.9090909090909091, 0.9, 1, 0.8888888888888888, 1
74, 0.0007575757575757347, 0.9085858585858655, 0.9570707070707152, 9, 0, 2, 2, 1, 2, 1, 1, 1, 0, 0.9090909090909091, 0.9090909090909091, 0.9166666666666666, 0.9166666666666666, 0.9090909090909091, 1, 0.9, 1
75, 0.0037878787878787845, 0.9419191919191933, 0.9722222222222227, 9, 0, 2, 2, 1, 2, 1, 1, 1, 1, 0.9166666666666666, 0.9166666666666666, 1, 1, 0.9090909090909091, 1
76, 0.003787878787878788, 0.05808080808080809, 0.027777777777777776, 9, 1, 0, 0, 0, 0, 0, 0, 0, 0, 0, 0, 0.09090909090909091, 0, 0.08333333333333333, 0.08333333333333333
77, 0.0007575757575757581, 0.0914141414141414, 0.04292929292929293, 9, 1, 0, 0, 0, 0, 0, 0, 0, 1, 0.09090909090909091, 0, 0.1, 0, 0.09090909090909091, 0.09090909090909091, 0.08333333333333333, 0.08333333333333333
78, 0.0010101010101010097, 0.10067340067340065, 0.046969696969696974, 9, 1, 0, 0, 0, 0, 0, 0, 1, 0, 0.1, 0, 0.1111111111111111, 0, 0.1, 0.1, 0.09090909090909091, 0.09090909090909091
79, 0.0013888888888888883, 0.11203703703703706, 0.051851851851851864, 9, 1, 0, 0, 0, 0, 0, 1, 0, 0, 0.1111111111111111, 0, 0.125, 0, 0.1111111111111111, 0.1111111111111111, 0.1, 0.1
80, 0.001984126984126984, 0.12632275132275128, 0.05787037037037037, 9, 1, 0, 0, 0, 0, 1, 0, 0, 0, 0.125, 0, 0.14285714285714285, 0, 0.125, 0.125, 0.1111111111111111, 0.1111111111111111
81, 0.006222943722943724, 0.15472269276617107, 0.07548309178743959, 9, 1, 0, 0, 0, 1, 0, 0, 0, 0, 0.14285714285714285, 0, 0.18181818181818182, 0, 0.16666666666666666, 0.16666666666666666, 0.125, 0.125
82, 0.0015151515151515145, 0.1828282828282828, 0.05555555555555555, 9, 1, 0, 0, 0, 1, 0, 0, 0, 1, 0.18181818181818182, 0, 0.2, 0, 0.16666666666666666, 0.16666666666666666
83, 0.001515151515151518, 0.18282828282828278, 0.11616161616161609, 9, 1, 0, 0, 1, 0, 0, 0, 0, 1, 0.2, 0, 0.18181818181818182, 0.18181818181818182, 0.16666666666666666, 0.16666666666666666
84, 0.004040404040404039, 0.2013468013468013, 0.09393939393939395, 9, 1, 0, 0, 1, 0, 0, 0, 1, 0, 0.2, 0, 0.2222222222222222, 0, 0.2, 0.2, 0.18181818181818182, 0.18181818181818182
85, 0.0027777777777777783, 0.2240740740740742, 0.06666666666666678, 9, 1, 0, 0, 1, 0, 0, 1, 0, 0, 0.2222222222222222, 0, 0.25, 0, 0.2, 0.2
86, 0.002777777777777775, 0.22407407407407406, 0.14074074074074072, 9, 1, 0, 1, 0, 0, 0, 1, 0, 0, 0.25, 0, 0.2222222222222222, 0.2222222222222222, 0.2, 0.2
87, 0.006313131313131312, 0.24831649831649838, 0.12407407407407407, 9, 1, 0, 1, 0, 0, 1, 0, 0, 0, 0.25, 0, 0.2727272727272727, 0, 0.25, 0.25, 0.2222222222222222, 0.2222222222222222
88, 0.001623376623376624, 0.2694805194805188, 0.08333333333333333, 9, 1, 0, 1, 0, 0, 1, 0, 0, 1, 0.2727272727272727, 0, 0.2857142857142857, 0, 0.25, 0.25
89, 0.00519480519480519, 0.27573051948051963, 0.14299242424242428, 9, 1, 0, 1, 0, 1, 0, 0, 0, 1, 0.2857142857142857, 0, 0.3, 0, 0.2727272727272727, 0.2727272727272727, 0.25, 0.25
90, 0.009090909090909094, 0.3020202020202019, 0.14090909090909085, 9, 1, 0, 1, 0, 1, 0, 0, 1, 0, 0.3, 0, 0.3333333333333333, 0, 0.3, 0.3, 0.2727272727272727, 0.2727272727272727
91, 0.010606060606060612, 0.33232323232323246, 0.1634920634920634, 9, 1, 0, 1, 0, 1, 0, 1, 0, 0, 0.3333333333333333, 0, 0.36363636363636365, 0, 0.3333333333333333, 0.3333333333333333, 0.3, 0.3
92, 0.0018939393939393923, 0.3573232323232308, 0.11111111111111131, 9, 1, 0, 1, 0, 1, 0, 1, 0, 1, 0.36363636363636365, 0, 0.375, 0, 0.3333333333333333, 0.3333333333333333
93, 0.004166666666666666, 0.3694444444444451, 0.11111111111111102, 9, 1, 0, 1, 0, 1, 1, 0, 0, 1, 0.375, 0, 0.4, 0, 0.3333333333333333, 0.3333333333333333
94, 0.004166666666666666, 0.3694444444444451, 0.19444444444444492, 9, 1, 0, 1, 1, 0, 1, 0, 0, 1, 0.4, 0, 0.375, 0.25, 0.3333333333333333, 0.3333333333333333
95, 0.005357142857142859, 0.4011904761904755, 0.10555555555555571, 9, 1, 0, 1, 1, 0, 1, 0, 1, 0, 0.4, 0, 0.42857142857142855, 0, 0.4, 0.20000000000000018, 0.375, 0.25
96, 0.0031746031746031633, 0.42433862433862524, 0.09047619047619028, 9, 1, 0, 1, 1, 1, 0, 0, 1, 0, 0.42857142857142855, 0, 0.4444444444444444, 0, 0.42857142857142855, 0.14285714285714235, 0.4, 0.20000000000000018
97, 0.0014430014430014404, 0.44252044252044165, 0.06613756613756563, 9, 1, 0, 1, 1, 1, 0, 1, 0, 0, 0.4444444444444444, 0, 0.45454545454545453, 0, 0.4444444444444444, 0.11111111111111072, 0.42857142857142855, 0.14285714285714235
98, 0.0025252525252525172, 0.46632996632996576, 0.03703703703703693, 9, 1, 0, 1, 1, 1, 0, 1, 0, 1, 0.45454545454545453, 0, 0.5, 0, 0.4444444444444444, 0.11111111111111072
99, 0.003968253968253982, 0.4576719576719583, 0.1322751322751321, 9, 1, 1, 0, 1, 1, 0, 1, 0, 1, 0.5, 0, 0.42857142857142855, 0.2857142857142856, 0.4444444444444444, 0.11111111111111072
100, 0.003174603174603177, 0.42433862433862446, 0.24179894179894149, 9, 1, 1, 0, 1, 1, 0, 1, 0, 0, 0.42857142857142855, 0.2857142857142856, 0.4, 0.4, 0.42857142857142855, 0.14285714285714235, 0.4444444444444444, 0.11111111111111072
101, 0.005357142857142845, 0.4011904761904761, 0.2837301587301589, 9, 1, 1, 0, 1, 1, 0, 0, 1, 0, 0.4, 0.4, 0.375, 0.375, 0.4, 0.20000000000000018, 0.42857142857142855, 0.14285714285714235
102, 0.0022727272727272874, 0.3795454545454537, 0.29204545454545394, 9, 1, 1, 0, 1, 0, 1, 0, 1, 0, 0.375, 0.375, 0.36363636363636365, 0.36363636363636365, 0.375, 0.25, 0.4, 0.20000000000000018
103, 0.0018939393939393853, 0.3573232323232333, 0.3156565656565665, 9, 1, 1, 0, 1, 0, 1, 0, 0, 1, 0.36363636363636365, 0.36363636363636365, 0.3333333333333333, 0.3333333333333333, 0.375, 0.25
104, 0.009920634920634913, 0.4521164021164022, 0.27116402116402133, 9, 1, 1, 1, 0, 1, 0, 1, 0, 1, 0.5, 0, 0.4444444444444444, 0.4444444444444444, 0.4166666666666667, 0.4166666666666667, 0.42857142857142855, 0.2857142857142856
105, 0.0011904761904761932, 0.41507936507936566, 0.3674603174603179, 9, 1, 1, 1, 0, 1, 0, 1, 0, 0, 0.4166666666666667, 0.4166666666666667, 0.4, 0.4, 0.42857142857142855, 0.2857142857142856
106, 0.0025252525252525276, 0.4663299663299666, 0.299663299663299, 9, 1, 1, 1, 0, 1, 1, 0, 0, 1, 0.5, 0, 0.45454545454545453, 0.45454545454545453, 0.4444444444444444, 0.4444444444444444
107, 0.02272727272727272, 0.5000000000000001, 0.2424242424242425, 9, 1, 1, 1, 0, 1, 1, 0, 1, 0, 0.5, 0, 0.5454545454545454, 0, 0.5, 0.5, 0.45454545454545453, 0.45454545454545453
108, 0.0025252525252525415, 0.5336700336700323, 0.16666666666666666, 9, 1, 1, 1, 0, 1, 1, 0, 1, 1, 0.5454545454545454, 0, 0.5555555555555556, 0, 0.5, 0.5
109, 0.003968253968253954, 0.5423280423280411, 0.16666666666666666, 9, 1, 1, 1, 0, 1, 1, 1, 0, 1, 0.5555555555555556, 0, 0.5714285714285714, 0, 0.5, 0.5
110, 0.007142857142857145, 0.5571428571428585, 0.16666666666666666, 9, 1, 1, 1, 0, 2, 0, 1, 0, 1, 0.5714285714285714, 0, 0.6, 0, 0.5, 0.5
111, 0.013636363636363613, 0.5484848484848484, 0.34848484848484873, 9, 1, 1, 1, 1, 1, 0, 1, 0, 1, 0.6, 0, 0.5454545454545454, 0.5454545454545454, 0.5, 0.5
112, 0.009974747474747497, 0.5854632826151809, 0.2404210885223543, 9, 1, 1, 1, 1, 1, 0, 1, 1, 0, 0.6, 0, 0.625, 0, 0.5555555555555556, 0.5555555555555556, 0.5454545454545454, 0.5454545454545454
113, 0.011994949494949503, 0.5954058125110759, 0.3284600389863549, 9, 1, 1, 1, 1, 1, 1, 0, 1, 0, 0.625, 0, 0.6363636363636364, 0, 0.5833333333333334, 0.5833333333333334, 0.5555555555555556, 0.5555555555555556
114, 0.014393939393939376, 0.6241095162147792, 0.27163742690058446, 9, 1, 1, 1, 1, 1, 1, 0, 1, 1, 0.6363636363636364, 0, 0.6666666666666666, 0, 0.6, 0.6, 0.5833333333333334, 0.5833333333333334
115, 0.016666666666666635, 0.6555555555555571, 0.24444444444444455, 9, 1, 1, 1, 1, 1, 1, 1, 0, 1, 0.6666666666666666, 0, 0.7, 0, 0.6666666666666666, 0.33333333333333304, 0.6, 0.6
116, 0.0023809523809523864, 0.6936507936507931, 0.11111111111111047, 9, 1, 1, 1, 1, 1, 1, 1, 1, 0, 0.7, 0, 0.7142857142857143, 0, 0.6666666666666666, 0.33333333333333304
117, 0.004329004329004349, 0.702741702741702, 0.13492063492063505, 9, 1, 1, 1, 1, 2, 0, 1, 1, 0, 0.7142857142857143, 0, 0.7272727272727273, 0, 0.7142857142857143, 0.14285714285714324, 0.6666666666666666, 0.33333333333333304
118, 0.001623376623376624, 0.7305194805194826, 0.04761904761904772, 9, 1, 1, 1, 1, 2, 0, 1, 1, 1, 0.7272727272727273, 0, 0.75, 0, 0.7142857142857143, 0.14285714285714324
119, 0.005952380952380931, 0.7103174603174591, 0.2698412698412698, 9, 1, 1, 2, 0, 2, 0, 1, 1, 1, 0.75, 0, 0.6666666666666666, 0.6666666666666666, 0.7142857142857143, 0.14285714285714324
120, 0.012987012987013019, 0.6724386724386717, 0.44492544492544434, 9, 1, 1, 2, 0, 2, 0, 1, 1, 0, 0.6666666666666666, 0.6666666666666666, 0.6363636363636364, 0.6363636363636364, 0.6666666666666666, 0.33333333333333304, 0.7142857142857143, 0.14285714285714324
121, 0.0018939393939393923, 0.6426767676767692, 0.5315656565656572, 9, 1, 1, 2, 0, 2, 0, 1, 0, 1, 0.6363636363636364, 0.6363636363636364, 0.625, 0.625, 0.6666666666666666, 0.33333333333333304
122, 0.013888888888888895, 0.7314814814814824, 0.25000000000000033, 9, 1, 1, 2, 0, 2, 1, 0, 1, 1, 0.75, 0, 0.7777777777777778, 0, 0.75, 0.25, 0.6666666666666666, 0.6666666666666666
123, 0.002777777777777782, 0.7759259259259288, 0.08333333333333333, 9, 1, 1, 2, 0, 2, 1, 1, 0, 1, 0.7777777777777778, 0, 0.8, 0, 0.75, 0.25
124, 0.004166666666666666, 0.6305555555555543, 0.5194444444444447, 9, 1, 1, 2, 0, 1, 1, 1, 0, 1, 0.625, 0.625, 0.6, 0.6, 0.6666666666666666, 0.33333333333333304
125, 0.010714285714285718, 0.7547619047619054, 0.3293650793650791, 9, 1, 1, 2, 1, 1, 1, 1, 0, 1, 0.8, 0, 0.75, 0.5, 0.7142857142857143, 0.5714285714285712, 0.75, 0.25
126, 0.009595959595959547, 0.7854953039163566, 0.24463937621832316, 9, 1, 1, 2, 1, 1, 1, 1, 1, 0, 0.8, 0, 0.8181818181818182, 0, 0.7777777777777778, 0.44444444444444287, 0.75, 0.5
127, 0.011832611832611833, 0.816074801440653, 0.18392050587172545, 9, 1, 1, 2, 1, 1, 1, 1, 1, 1, 0.8181818181818182, 0, 0.8571428571428571, 0, 0.8, 0.40000000000000036, 0.7777777777777778, 0.44444444444444287
128, 0.005952380952380917, 0.7103174603174631, 0.49603174603174655, 9, 1, 1, 2, 1, 1, 1, 0, 1, 1, 0.7142857142857143, 0.5714285714285712, 0.6666666666666666, 0.6666666666666666, 0.75, 0.25
129, 0.007738095238095266, 0.8397741147741178, 0.19316239316239345, 9, 1, 1, 2, 1, 2, 0, 1, 1, 1, 0.8571428571428571, 0, 0.875, 0, 0.8333333333333334, 0.3333333333333339, 0.8, 0.40000000000000036
130, 0.004960317460317415, 0.8625661375661366, 0.16190476190476155, 9, 1, 1, 2, 1, 2, 1, 0, 1, 1, 0.875, 0, 0.8888888888888888, 0, 0.8571428571428571, 0.2857142857142847, 0.8333333333333334, 0.3333333333333339
131, 0.003373015873015889, 0.8795596016184214, 0.1393557422969188, 9, 1, 1, 2, 1, 2, 1, 1, 0, 1, 0.8888888888888888, 0, 0.9, 0, 0.875, 0.25, 0.8571428571428571, 0.2857142857142847
132, 0.002398989898989873, 0.8927476519581834, 0.12231968810916156, 9, 1, 1, 2, 1, 2, 1, 1, 1, 0, 0.9, 0, 0.9090909090909091, 0, 0.8888888888888888, 0.22222222222222143, 0.875, 0.25
133, 0.010101010101010069, 0.9326599326599315, 0.07407407407407386, 9, 1, 1, 2, 1, 2, 1, 1, 1, 1, 0.9090909090909091, 0, 1, 0, 0.8888888888888888, 0.22222222222222143
134, 0.015873015873015928, 0.9153439153439166, 0.2645502645502642, 9, 1, 2, 1, 1, 2, 1, 1, 1, 1, 1, 0, 0.8571428571428571, 0.5714285714285712, 0.8888888888888888, 0.22222222222222143
135, 0.004960317460317415, 0.8625661375661366, 0.43677248677248587, 9, 1, 2, 1, 1, 2, 1, 1, 1, 0, 0.8571428571428571, 0.5714285714285712, 0.8333333333333334, 0.6666666666666661, 0.875, 0.25, 0.8888888888888888, 0.22222222222222143
136, 0.007738095238095266, 0.8397741147741153, 0.5136141636141628, 9, 1, 2, 1, 1, 2, 1, 1, 0, 1, 0.8333333333333334, 0.6666666666666661, 0.8, 0.8, 0.8571428571428571, 0.2857142857142847, 0.875, 0.25
137, 0.010317460317460309, 0.8159137159137141, 0.5613349613349622, 9, 1, 2, 1, 1, 2, 1, 0, 1, 1, 0.8, 0.8, 0.7777777777777778, 0.7777777777777778, 0.8333333333333334, 0.3333333333333339, 0.8571428571428571, 0.2857142857142847
138, 0.011111111111111044, 0.7898148148148163, 0.5731481481481486, 9, 1, 2, 1, 1, 2, 0, 1, 1, 1, 0.7777777777777778, 0.7777777777777778, 0.75, 0.75, 0.8, 0.40000000000000036, 0.8333333333333334, 0.3333333333333339
139, 0.002777777777777851, 0.775925925925926, 0.5314814814814821, 9, 1, 2, 1, 1, 1, 1, 1, 1, 1, 0.75, 0.75, 0.7777777777777778, 0.44444444444444287, 0.8, 0.40000000000000036
140, 0.006313131313131354, 0.7516835016834996, 0.6072390572390549, 9, 1, 2, 1, 1, 1, 1, 1, 1, 0, 0.75, 0.75, 0.7272727272727273, 0.7272727272727273, 0.75, 0.5, 0.7777777777777778, 0.44444444444444287
141, 0.005194805194805169, 0.7242694805194819, 0.6245670995671011, 9, 1, 2, 1, 1, 1, 1, 1, 0, 1, 0.7272727272727273, 0.7272727272727273, 0.7, 0.7, 0.7142857142857143, 0.5714285714285712, 0.75, 0.5
142, 0.0023809523809524002, 0.6936507936507929, 0.6460317460317444, 9, 1, 2, 1, 1, 1, 1, 0, 1, 1, 0.7, 0.7, 0.6666666666666666, 0.6666666666666666, 0.7142857142857143, 0.5714285714285712
143, 0.011904761904761973, 0.8968253968253929, 0.4682539682539671, 9, 1, 2, 2, 0, 2, 1, 1, 1, 1, 1, 0, 0.8333333333333334, 0.8333333333333334, 0.8571428571428571, 0.5714285714285712
144, 0.0032467532467532756, 0.8362193362193354, 0.7224627224627221, 9, 1, 2, 2, 0, 2, 1, 1, 1, 0, 0.8333333333333334, 0.8333333333333334, 0.8181818181818182, 0.8181818181818182, 0.8333333333333334, 0.6666666666666661, 0.8571428571428571, 0.5714285714285712
145, 0.001515151515151525, 0.8171717171717194, 0.7616161616161607, 9, 1, 2, 2, 0, 2, 1, 1, 0, 1, 0.8181818181818182, 0.8181818181818182, 0.8, 0.8, 0.8333333333333334, 0.6666666666666661
146, 0.020833333333333315, 0.9027777777777776, 0.5694444444444443, 9, 1, 2, 2, 1, 1, 1, 1, 1, 1, 1, 0, 0.875, 0.875, 0.8333333333333334, 0.8333333333333334
147, 0.00694444444444442, 0.9212962962962973, 0.587962962962964, 9, 1, 2, 2, 1, 2, 0, 1, 1, 1, 1, 0, 0.8888888888888888, 0.8888888888888888, 0.875, 0.875
148, 0.005555555555555591, 0.9296296296296254, 0.5962962962962953, 9, 1, 2, 2, 1, 2, 1, 0, 1, 1, 1, 0, 0.9, 0.9, 0.8888888888888888, 0.8888888888888888
149, 0.004545454545454519, 0.9363636363636428, 0.6030303030303014, 9, 1, 2, 2, 1, 2, 1, 1, 0, 1, 1, 0, 0.9090909090909091, 0.9090909090909091, 0.9, 0.9
150, 0.0037878787878787845, 0.9419191919191823, 0.6085858585858587, 9, 1, 2, 2, 1, 2, 1, 1, 1, 0, 1, 0, 0.9166666666666666, 0.9166666666666666, 0.9090909090909091, 0.9090909090909091
151, 0.041666666666666685, 0.9722222222222228, 0.638888888888889, 9, 1, 2, 2, 1, 2, 1, 1, 1, 1, 1, 0, 1, 1, 0.9166666666666666, 0.9166666666666666
