nr, area, centroidx, centroidy, numBars, pixPerBar0, ..., pixPerBarN, vertex1x, vertex1y, vertex2x, ...
0, 0.041666666666666664, 0.027777777777777776, 0.36111111111111105, 9, 0, 0, 0, 0, 0, 0, 0, 0, 0, 0, 0, 0.08333333333333333, 0.08333333333333333, 0, 1
1, 0.0037878787878787915, 0.05808080808080805, 0.3914141414141412, 9, 0, 0, 0, 0, 0, 0, 0, 0, 1, 0.08333333333333333, 0.08333333333333333, 0.09090909090909091, 0.09090909090909091, 0, 1
2, 0.004545454545454547, 0.06363636363636367, 0.39696969696969775, 9, 0, 0, 0, 0, 0, 0, 0, 1, 0, 0.09090909090909091, 0.09090909090909091, 0.1, 0.1, 0, 1
3, 0.00555555555555555, 0.07037037037037036, 0.4037037037037035, 9, 0, 0, 0, 0, 0, 0, 1, 0, 0, 0.1, 0.1, 0.1111111111111111, 0.1111111111111111, 0, 1
4, 0.0069444444444444475, 0.07870370370370368, 0.41203703703703703, 9, 0, 0, 0, 0, 0, 1, 0, 0, 0, 0.1111111111111111, 0.1111111111111111, 0.125, 0.125, 0, 1
5, 0.008928571428571425, 0.0892857142857143, 0.42261904761904756, 9, 0, 0, 0, 0, 1, 0, 0, 0, 0, 0.125, 0.125, 0.14285714285714285, 0.14285714285714285, 0, 1
6, 0.011904761904761904, 0.10317460317460318, 0.43650793650793673, 9, 0, 0, 0, 1, 0, 0, 0, 0, 0, 0.14285714285714285, 0.14285714285714285, 0.16666666666666666, 0.16666666666666666, 0, 1
7, 0.027777777777777762, 0.0925925925925926, 0.6481481481481483, 9, 0, 0, 1, 0, 0, 0, 0, 0, 0, 0.16666666666666666, 0.16666666666666666, 0.1111111111111111, 0.7777777777777777, 0, 1
8, 0.008207070707070704, 0.14785677285677298, 0.45020720020720084, 9, 0, 0, 1, 0, 0, 0, 0, 0, 1, 0.16666666666666666, 0.16666666666666666, 0.18181818181818182, 0.18181818181818182, 0.125, 0.75, 0.1111111111111111, 0.7777777777777777
9, 0.009253246753246763, 0.16392686261107306, 0.44577732209311066, 9, 0, 0, 1, 0, 0, 0, 0, 1, 0, 0.18181818181818182, 0.18181818181818182, 0.2, 0.2, 0.14285714285714285, 0.7142857142857142, 0.125, 0.75
10, 0.010317460317460315, 0.18408628408628405, 0.43866503866503886, 9, 0, 0, 1, 0, 0, 0, 1, 0, 0, 0.2, 0.2, 0.2222222222222222, 0.2222222222222222, 0.16666666666666666, 0.6666666666666667, 0.14285714285714285, 0.7142857142857142
11, 0.011111111111111113, 0.2101851851851854, 0.4268518518518521, 9, 0, 0, 1, 0, 0, 1, 0, 0, 0, 0.2222222222222222, 0.2222222222222222, 0.25, 0.25, 0.2, 0.6000000000000001, 0.16666666666666666, 0.6666666666666667
12, 0.002777777777777775, 0.22407407407407387, 0.46851851851851917, 9, 0, 0, 1, 0, 1, 0, 0, 0, 0, 0.25, 0.25, 0.2222222222222222, 0.5555555555555554, 0.2, 0.6000000000000001
13, 0.006313131313131312, 0.24831649831649838, 0.3927609427609429, 9, 0, 0, 1, 0, 1, 0, 0, 0, 1, 0.25, 0.25, 0.2727272727272727, 0.2727272727272727, 0.25, 0.5, 0.2222222222222222, 0.5555555555555554
14, 0.001623376623376624, 0.2694805194805188, 0.3528138528138522, 9, 0, 0, 1, 0, 1, 0, 0, 1, 0, 0.2727272727272727, 0.2727272727272727, 0.2857142857142857, 0.2857142857142857, 0.25, 0.5
15, 0.0035714285714285657, 0.2785714285714288, 0.3857142857142858, 9, 0, 0, 1, 1, 0, 0, 0, 1, 0, 0.2857142857142857, 0.2857142857142857, 0.3, 0.3, 0.2857142857142857, 0.4285714285714284, 0.25, 0.5
16, 0.0023809523809523794, 0.30634920634920665, 0.35396825396825354, 9, 0, 0, 1, 1, 0, 0, 1, 0, 0, 0.3, 0.3, 0.3333333333333333, 0.3333333333333333, 0.2857142857142857, 0.4285714285714284
17, 0.005952380952380973, 0.28968253968253926, 0.5039682539682533, 9, 0, 1, 0, 1, 0, 0, 1, 0, 0, 0.3333333333333333, 0.3333333333333333, 0.25, 0.75, 0.2857142857142857, 0.4285714285714284
18, 0.010714285714285704, 0.24523809523809517, 0.6706349206349207, 9, 0, 1, 0, 1, 0, 0, 0, 1, 0, 0.25, 0.75, 0.2, 1, 0.25, 0.5, 0.2857142857142857, 0.4285714285714284
19, 0.0068181818181818205, 0.21060606060606085, 0.8111111111111107, 9, 0, 1, 0, 1, 0, 0, 0, 0, 1, 0.2, 1, 0.18181818181818182, 1, 0.2, 0.7999999999999998, 0.25, 0.5
20, 0.001515151515151525, 0.18282828282828215, 0.9333333333333318, 9, 0, 1, 0, 1, 0, 0, 0, 0, 0, 0.18181818181818182, 1, 0.16666666666666666, 1, 0.2, 0.7999999999999998
21, 0.010317460317460302, 0.18408628408628425, 0.7988603988603994, 9, 0, 1, 0, 0, 1, 0, 0, 0, 0, 0.16666666666666666, 1, 0.14285714285714285, 1, 0.2, 0.6000000000000001, 0.2222222222222222, 0.5555555555555554, 0.2, 0.7999999999999998
22, 0.002777777777777782, 0.22407407407407393, 0.6185185185185187, 9, 0, 1, 0, 0, 1, 0, 0, 0, 1, 0.2222222222222222, 0.5555555555555554, 0.25, 0.5, 0.2, 0.7999999999999998
23, 0.007738095238095231, 0.16022588522588538, 0.8068376068376072, 9, 0, 1, 0, 0, 0, 1, 0, 0, 0, 0.14285714285714285, 1, 0.125, 1, 0.16666666666666666, 0.6666666666666667, 0.2, 0.6000000000000001
24, 0.0049603174603174635, 0.13743386243386221, 0.8380952380952382, 9, 0, 1, 0, 0, 0, 0, 1, 0, 0, 0.125, 1, 0.1111111111111111, 1, 0.14285714285714285, 0.7142857142857142, 0.16666666666666666, 0.6666666666666667
25, 0.003373015873015875, 0.12044039838157475, 0.8606442577030806, 9, 0, 1, 0, 0, 0, 0, 0, 1, 0, 0.1111111111111111, 1, 0.1, 1, 0.125, 0.75, 0.14285714285714285, 0.7142857142857142
26, 0.0023989898989899006, 0.10725234804182171, 0.8776803118908384, 9, 0, 1, 0, 0, 0, 0, 0, 0, 1, 0.1, 1, 0.09090909090909091, 1, 0.1111111111111111, 0.7777777777777777, 0.125, 0.75
27, 0.010101010101010104, 0.06734006734006734, 0.9259259259259258, 9, 0, 1, 0, 0, 0, 0, 0, 0, 0, 0.09090909090909091, 1, 0, 1, 0.1111111111111111, 0.7777777777777777
28, 0.013888888888888881, 0.2685185185185184, 0.7500000000000004, 9, 0, 1, 1, 0, 0, 0, 1, 0, 0, 0.3333333333333333, 0.3333333333333333, 0.25, 1, 0.2222222222222222, 1, 0.25, 0.75
29, 0.002777777777777782, 0.2240740740740737, 0.9166666666666654, 9, 0, 1, 1, 0, 0, 0, 0, 1, 0, 0.2222222222222222, 1, 0.2, 1, 0.25, 0.75
30, 0.007575757575757569, 0.28535353535353597, 0.7777777777777773, 9, 0, 1, 1, 0, 0, 1, 0, 0, 0, 0.3333333333333333, 0.3333333333333333, 0.2727272727272727, 1, 0.25, 1
31, 0.017316017316017313, 0.31998556998557015, 0.6325757575757581, 9, 0, 1, 1, 0, 0, 1, 0, 0, 1, 0.3333333333333333, 0.3333333333333333, 0.36363636363636365, 0.36363636363636365, 0.3333333333333333, 0.6666666666666665, 0.2857142857142857, 1, 0.2727272727272727, 1
32, 0.0018939393939393923, 0.3573232323232308, 0.4684343434343427, 9, 0, 1, 1, 0, 0, 1, 0, 1, 0, 0.36363636363636365, 0.36363636363636365, 0.375, 0.375, 0.3333333333333333, 0.6666666666666665
33, 0.02083333333333337, 0.3494444444444446, 0.7005555555555553, 9, 0, 1, 1, 0, 1, 0, 0, 1, 0, 0.375, 0.375, 0.4, 0.4, 0.3333333333333333, 1, 0.3, 1, 0.3333333333333333, 0.6666666666666665
34, 0.0023809523809523725, 0.3063492063492068, 0.8888888888888888, 9, 0, 1, 1, 0, 1, 0, 0, 0, 1, 0.3, 1, 0.2857142857142857, 1, 0.3333333333333333, 0.6666666666666665
35, 0.008333333333333304, 0.383333333333333, 0.6277777777777782, 9, 0, 1, 1, 0, 1, 0, 1, 0, 0, 0.4, 0.4, 0.4166666666666667, 0.4166666666666667, 0.4, 0.5999999999999996, 0.3333333333333333, 1
36, 0.0011904761904761724, 0.4150793650793671, 0.481746031746033, 9, 0, 1, 1, 0, 1, 0, 1, 0, 1, 0.4166666666666667, 0.4166666666666667, 0.42857142857142855, 0.42857142857142855, 0.4, 0.5999999999999996
37, 0.01080447330447333, 0.4034388924622647, 0.6924521468761863, 9, 0, 1, 1, 1, 0, 0, 1, 0, 1, 0.42857142857142855, 0.42857142857142855, 0.4444444444444444, 0.4444444444444444, 0.375, 1, 0.36363636363636365, 1, 0.4, 0.5999999999999996
38, 0.006060606060606072, 0.3656565656565652, 0.866666666666666, 9, 0, 1, 1, 1, 0, 0, 1, 0, 0, 0.36363636363636365, 1, 0.3333333333333333, 1, 0.4, 0.5999999999999996
39, 0.00997474747474747, 0.41453671738481845, 0.759578911477646, 9, 0, 1, 1, 1, 0, 1, 0, 0, 1, 0.4444444444444444, 0.4444444444444444, 0.45454545454545453, 0.45454545454545453, 0.4, 1, 0.375, 1
40, 0.013636363636363641, 0.4515151515151521, 0.6515151515151513, 9, 0, 1, 1, 1, 0, 1, 0, 1, 0, 0.45454545454545453, 0.45454545454545453, 0.5, 0.5, 0.4, 1
41, 0.0071428571428571175, 0.4428571428571433, 0.8333333333333346, 9, 0, 1, 2, 0, 0, 1, 0, 1, 0, 0.5, 0.5, 0.42857142857142855, 1, 0.4, 1
42, 0.003968253968253982, 0.4576719576719557, 0.8333333333333321, 9, 0, 1, 2, 0, 1, 0, 0, 1, 0, 0.5, 0.5, 0.4444444444444444, 1, 0.42857142857142855, 1
43, 0.0025252525252525138, 0.4663299663299655, 0.8333333333333351, 9, 0, 1, 2, 0, 1, 0, 1, 0, 0, 0.5, 0.5, 0.45454545454545453, 1, 0.4444444444444444, 1
44, 0.022727272727272735, 0.5000000000000002, 0.757575757575758, 9, 0, 1, 2, 0, 1, 0, 1, 0, 1, 0.5, 0.5, 0.5454545454545454, 0.5454545454545454, 0.5, 1, 0.45454545454545453, 1
45, 0.0025252525252525415, 0.5336700336700323, 0.7003367003366989, 9, 0, 1, 2, 0, 1, 0, 1, 1, 0, 0.5454545454545454, 0.5454545454545454, 0.5555555555555556, 0.5555555555555556, 0.5, 1
46, 0.003968253968253954, 0.5423280423280411, 0.7089947089947078, 9, 0, 1, 2, 0, 1, 1, 0, 1, 0, 0.5555555555555556, 0.5555555555555556, 0.5714285714285714, 0.5714285714285714, 0.5, 1
47, 0.009920634920634913, 0.5478835978835983, 0.7923280423280427, 9, 0, 1, 2, 1, 0, 1, 0, 1, 0, 0.5714285714285714, 0.5714285714285714, 0.5833333333333334, 0.5833333333333334, 0.5555555555555556, 0.8888888888888884, 0.5, 1
48, 0.004365079365079322, 0.5781866281866294, 0.7239297739297739, 9, 0, 1, 2, 1, 0, 1, 0, 1, 1, 0.5833333333333334, 0.5833333333333334, 0.6, 0.6, 0.5714285714285714, 0.8571428571428568, 0.5555555555555556, 0.8888888888888884
49, 0.005357142857142866, 0.5988095238095259, 0.7162698412698412, 9, 0, 1, 2, 1, 0, 1, 1, 0, 1, 0.6, 0.6, 0.625, 0.625, 0.6, 0.8000000000000007, 0.5714285714285714, 0.8571428571428568
50, 0.002272727272727315, 0.6204545454545387, 0.707954545454541, 9, 0, 1, 2, 1, 1, 0, 1, 0, 1, 0.625, 0.625, 0.6363636363636364, 0.6363636363636364, 0.625, 0.75, 0.6, 0.8000000000000007
51, 0.0018939393939393923, 0.642676767676768, 0.6843434343434346, 9, 0, 1, 2, 1, 1, 0, 1, 1, 0, 0.6363636363636364, 0.6363636363636364, 0.6666666666666666, 0.6666666666666666, 0.625, 0.75
52, 0.004166666666666624, 0.6305555555555562, 0.8055555555555581, 9, 0, 2, 1, 1, 1, 0, 1, 1, 0, 0.6666666666666666, 0.6666666666666666, 0.6, 1, 0.625, 0.75
53, 0.005357142857142838, 0.5988095238095247, 0.8944444444444458, 9, 0, 2, 1, 1, 1, 0, 1, 0, 1, 0.6, 1, 0.5714285714285714, 1, 0.6, 0.8000000000000007, 0.625, 0.75
54, 0.003174603174603191, 0.5756613756613741, 0.9095238095238077, 9, 0, 2, 1, 1, 0, 1, 1, 0, 1, 0.5714285714285714, 1, 0.5555555555555556, 1, 0.5714285714285714, 0.8571428571428568, 0.6, 0.8000000000000007
55, 0.0014430014430014682, 0.5574795574795565, 0.9338624338624261, 9, 0, 2, 1, 1, 0, 1, 0, 1, 1, 0.5555555555555556, 1, 0.5454545454545454, 1, 0.5555555555555556, 0.8888888888888884, 0.5714285714285714, 0.8571428571428568
56, 0.0025252525252525415, 0.5336700336700332, 0.9629629629629616, 9, 0, 2, 1, 1, 0, 1, 0, 1, 0, 0.5454545454545454, 1, 0.5, 1, 0.5555555555555556, 0.8888888888888884
57, 0.00416666666666668, 0.6305555555555544, 0.8888888888888874, 9, 0, 2, 2, 0, 1, 0, 1, 1, 0, 0.6666666666666666, 0.6666666666666666, 0.625, 1, 0.6, 1
58, 0.0018939393939393923, 0.6426767676767692, 0.8888888888888905, 9, 0, 2, 2, 0, 1, 1, 0, 1, 0, 0.6666666666666666, 0.6666666666666666, 0.6363636363636364, 1, 0.625, 1
59, 0.010606060606060591, 0.6676767676767686, 0.836507936507937, 9, 0, 2, 2, 0, 1, 1, 0, 1, 1, 0.6666666666666666, 0.6666666666666666, 0.7, 0.7, 0.6666666666666666, 1, 0.6363636363636364, 1
60, 0.0023809523809524002, 0.6936507936507929, 0.8047619047619066, 9, 0, 2, 2, 0, 1, 1, 1, 0, 1, 0.7, 0.7, 0.7142857142857143, 0.7142857142857143, 0.6666666666666666, 1
61, 0.0067099567099567214, 0.6995158962900893, 0.8783689428850698, 9, 0, 2, 2, 1, 0, 1, 1, 0, 1, 0.7142857142857143, 0.7142857142857143, 0.7272727272727273, 0.7272727272727273, 0.7, 1, 0.6666666666666666, 1
62, 0.0051948051948051965, 0.7242694805194816, 0.8570075757575758, 9, 0, 2, 2, 1, 0, 1, 1, 1, 0, 0.7272727272727273, 0.7272727272727273, 0.75, 0.75, 0.7142857142857143, 1, 0.7, 1
63, 0.0016233766233766378, 0.7305194805194792, 0.9166666666666666, 9, 0, 2, 2, 1, 1, 0, 1, 1, 0, 0.75, 0.75, 0.7272727272727273, 1, 0.7142857142857143, 1
64, 0.0063131313131312705, 0.7516835016835022, 0.8759259259259269, 9, 0, 2, 2, 1, 1, 0, 1, 1, 1, 0.75, 0.75, 0.7777777777777778, 0.7777777777777778, 0.75, 1, 0.7272727272727273, 1
65, 0.005555555555555591, 0.7759259259259266, 0.8962962962962954, 9, 0, 2, 2, 1, 1, 1, 0, 1, 1, 0.7777777777777778, 0.7777777777777778, 0.8, 0.8, 0.7777777777777778, 1, 0.75, 1
66, 0.004040404040404011, 0.7986531986531986, 0.9060606060606086, 9, 0, 2, 2, 1, 1, 1, 1, 0, 1, 0.8, 0.8, 0.8181818181818182, 0.8181818181818182, 0.8, 1, 0.7777777777777778, 1
67, 0.001515151515151525, 0.8171717171717133, 0.8838383838383861, 9, 0, 2, 2, 1, 1, 1, 1, 1, 0, 0.8181818181818182, 0.8181818181818182, 0.8333333333333334, 0.8333333333333334, 0.8, 1
68, 0.001515151515151525, 0.8171717171717194, 0.9444444444444383, 9, 0, 2, 3, 0, 1, 1, 1, 1, 0, 0.8333333333333334, 0.8333333333333334, 0.8181818181818182, 1, 0.8, 1
69, 0.00324675324675322, 0.8362193362193384, 0.9153439153439189, 9, 0, 2, 3, 0, 1, 1, 1, 1, 1, 0.8333333333333334, 0.8333333333333334, 0.8571428571428571, 0.8571428571428571, 0.8333333333333334, 1, 0.8181818181818182, 1
70, 0.0029761904761904656, 0.8551587301587315, 0.9345238095238086, 9, 0, 2, 3, 1, 0, 1, 1, 1, 1, 0.8571428571428571, 0.8571428571428571, 0.875, 0.875, 0.8571428571428571, 1, 0.8333333333333334, 1
71, 0.0019841269841270326, 0.8736772486772406, 0.942129629629623, 9, 0, 2, 3, 1, 1, 0, 1, 1, 1, 0.875, 0.875, 0.8888888888888888, 0.8888888888888888, 0.875, 1, 0.8571428571428571, 1
72, 0.001388888888888884, 0.8879629629629613, 0.948148148148148, 9, 0, 2, 3, 1, 1, 1, 0, 1, 1, 0.8888888888888888, 0.8888888888888888, 0.9, 0.9, 0.8888888888888888, 1, 0.875, 1
73, 0.0010101010101010166, 0.8993265993265984, 0.9530303030303026, 9, 0, 2, 3, 1, 1, 1, 1, 0, 1, 0.9, 0.9, 0.9090909090909091, 0.9090909090909091, 0.9, 1, 0.8888888888888888, 1
74, 0.0007575757575757347, 0.9085858585858655, 0.9570707070707152, 9, 0, 2, 3, 1, 1, 1, 1, 1, 0, 0.9090909090909091, 0.9090909090909091, 0.9166666666666666, 0.9166666666666666, 0.9090909090909091, 1, 0.9, 1
75, 0.0037878787878787845, 0.9419191919191933, 0.9722222222222227, 9, 0, 2, 3, 1, 1, 1, 1, 1, 1, 0.9166666666666666, 0.9166666666666666, 1, 1, 0.9090909090909091, 1
76, 0.003787878787878788, 0.05808080808080809, 0.027777777777777776, 9, 1, 0, 0, 0, 0, 0, 0, 0, 0, 0, 0, 0.09090909090909091, 0, 0.08333333333333333, 0.08333333333333333
77, 0.0007575757575757581, 0.0914141414141414, 0.04292929292929293, 9, 1, 0, 0, 0, 0, 0, 0, 0, 1, 0.09090909090909091, 0, 0.1, 0, 0.09090909090909091, 0.09090909090909091, 0.08333333333333333, 0.08333333333333333
78, 0.0010101010101010097, 0.10067340067340065, 0.046969696969696974, 9, 1, 0, 0, 0, 0, 0, 0, 1, 0, 0.1, 0, 0.1111111111111111, 0, 0.1, 0.1, 0.09090909090909091, 0.09090909090909091
79, 0.0013888888888888883, 0.11203703703703706, 0.051851851851851864, 9, 1, 0, 0, 0, 0, 0, 1, 0, 0, 0.1111111111111111, 0, 0.125, 0, 0.1111111111111111, 0.1111111111111111, 0.1, 0.1
80, 0.001984126984126984, 0.12632275132275128, 0.05787037037037037, 9, 1, 0, 0, 0, 0, 1, 0, 0, 0, 0.125, 0, 0.14285714285714285, 0, 0.125, 0.125, 0.1111111111111111, 0.1111111111111111
81, 0.002976190476190476, 0.1448412698412699, 0.06547619047619045, 9, 1, 0, 0, 0, 1, 0, 0, 0, 0, 0.14285714285714285, 0, 0.16666666666666666, 0, 0.14285714285714285, 0.14285714285714285, 0.125, 0.125
82, 0.003246753246753248, 0.1637806637806638, 0.08465608465608464, 9, 1, 0, 0, 1, 0, 0, 0, 0, 0, 0.16666666666666666, 0, 0.18181818181818182, 0, 0.16666666666666666, 0.16666666666666666, 0.14285714285714285, 0.14285714285714285
83, 0.0015151515151515145, 0.1828282828282828, 0.05555555555555555, 9, 1, 0, 0, 1, 0, 0, 0, 0, 1, 0.18181818181818182, 0, 0.2, 0, 0.16666666666666666, 0.16666666666666666
84, 0.001515151515151518, 0.18282828282828278, 0.11616161616161609, 9, 1, 0, 1, 0, 0, 0, 0, 0, 1, 0.2, 0, 0.18181818181818182, 0.18181818181818182, 0.16666666666666666, 0.16666666666666666
85, 0.004040404040404039, 0.2013468013468013, 0.09393939393939395, 9, 1, 0, 1, 0, 0, 0, 0, 1, 0, 0.2, 0, 0.2222222222222222, 0, 0.2, 0.2, 0.18181818181818182, 0.18181818181818182
86, 0.005555555555555553, 0.22407407407407412, 0.10370370370370373, 9, 1, 0, 1, 0, 0, 0, 1, 0, 0, 0.2222222222222222, 0, 0.25, 0, 0.2222222222222222, 0.2222222222222222, 0.2, 0.2
87, 0.006313131313131312, 0.24831649831649838, 0.12407407407407407, 9, 1, 0, 1, 0, 0, 1, 0, 0, 0, 0.25, 0, 0.2727272727272727, 0, 0.25, 0.25, 0.2222222222222222, 0.2222222222222222
88, 0.001623376623376624, 0.2694805194805188, 0.08333333333333333, 9, 1, 0, 1, 0, 0, 1, 0, 0, 1, 0.2727272727272727, 0, 0.2857142857142857, 0, 0.25, 0.25
89, 0.00519480519480519, 0.27573051948051963, 0.14299242424242428, 9, 1, 0, 1, 0, 1, 0, 0, 0, 1, 0.2857142857142857, 0, 0.3, 0, 0.2727272727272727, 0.2727272727272727, 0.25, 0.25
90, 0.0067099567099567145, 0.3004841037099102, 0.121631057114928, 9, 1, 0, 1, 0, 1, 0, 0, 1, 0, 0.3, 0, 0.3333333333333333, 0, 0.2857142857142857, 0.2857142857142857, 0.2727272727272727, 0.2727272727272727
91, 0.0023809523809523794, 0.3063492063492059, 0.19523809523809535, 9, 1, 0, 1, 1, 0, 0, 0, 1, 0, 0.3333333333333333, 0, 0.3, 0.3, 0.2857142857142857, 0.2857142857142857
92, 0.010606060606060612, 0.33232323232323246, 0.1634920634920634, 9, 1, 0, 1, 1, 0, 0, 1, 0, 0, 0.3333333333333333, 0, 0.36363636363636365, 0, 0.3333333333333333, 0.3333333333333333, 0.3, 0.3
93, 0.0018939393939393923, 0.3573232323232308, 0.11111111111111131, 9, 1, 0, 1, 1, 0, 0, 1, 0, 1, 0.36363636363636365, 0, 0.375, 0, 0.3333333333333333, 0.3333333333333333
94, 0.004166666666666666, 0.3694444444444451, 0.11111111111111102, 9, 1, 0, 1, 1, 0, 1, 0, 0, 1, 0.375, 0, 0.4, 0, 0.3333333333333333, 0.3333333333333333
95, 0.004166666666666666, 0.3694444444444451, 0.19444444444444492, 9, 1, 0, 2, 0, 0, 1, 0, 0, 1, 0.4, 0, 0.375, 0.25, 0.3333333333333333, 0.3333333333333333
96, 0.005357142857142859, 0.4011904761904755, 0.10555555555555571, 9, 1, 0, 2, 0, 0, 1, 0, 1, 0, 0.4, 0, 0.42857142857142855, 0, 0.4, 0.20000000000000018, 0.375, 0.25
97, 0.0031746031746031633, 0.42433862433862524, 0.09047619047619028, 9, 1, 0, 2, 0, 1, 0, 0, 1, 0, 0.42857142857142855, 0, 0.4444444444444444, 0, 0.42857142857142855, 0.14285714285714235, 0.4, 0.20000000000000018
98, 0.0014430014430014404, 0.44252044252044165, 0.06613756613756563, 9, 1, 0, 2, 0, 1, 0, 1, 0, 0, 0.4444444444444444, 0, 0.45454545454545453, 0, 0.4444444444444444, 0.11111111111111072, 0.42857142857142855, 0.14285714285714235
99, 0.0025252525252525172, 0.46632996632996576, 0.03703703703703693, 9, 1, 0, 2, 0, 1, 0, 1, 0, 1, 0.45454545454545453, 0, 0.5, 0, 0.4444444444444444, 0.11111111111111072
100, 0.009920634920634941, 0.4521164021164022, 0.20767195767195726, 9, 1, 1, 1, 0, 1, 0, 1, 0, 1, 0.5, 0, 0.42857142857142855, 0.42857142857142855, 0.4166666666666667, 0.4166666666666667, 0.4444444444444444, 0.11111111111111072
101, 0.0043650793650793634, 0.4218133718133725, 0.2760702260702262, 9, 1, 1, 1, 0, 1, 0, 1, 0, 0, 0.4166666666666667, 0.4166666666666667, 0.4, 0.4, 0.42857142857142855, 0.14285714285714235, 0.4444444444444444, 0.11111111111111072
102, 0.005357142857142845, 0.4011904761904761, 0.2837301587301589, 9, 1, 1, 1, 0, 1, 0, 0, 1, 0, 0.4, 0.4, 0.375, 0.375, 0.4, 0.20000000000000018, 0.42857142857142855, 0.14285714285714235
103, 0.0022727272727272874, 0.3795454545454537, 0.29204545454545394, 9, 1, 1, 1, 0, 0, 1, 0, 1, 0, 0.375, 0.375, 0.36363636363636365, 0.36363636363636365, 0.375, 0.25, 0.4, 0.20000000000000018
104, 0.0018939393939393853, 0.3573232323232333, 0.3156565656565665, 9, 1, 1, 1, 0, 0, 1, 0, 0, 1, 0.36363636363636365, 0.36363636363636365, 0.3333333333333333, 0.3333333333333333, 0.375, 0.25
105, 0.003968253968253968, 0.45767195767195723, 0.29100529100529116, 9, 1, 1, 1, 1, 0, 0, 1, 0, 1, 0.5, 0, 0.4444444444444444, 0.4444444444444444, 0.42857142857142855, 0.42857142857142855
106, 0.0025252525252525276, 0.4663299663299666, 0.299663299663299, 9, 1, 1, 1, 1, 0, 1, 0, 0, 1, 0.5, 0, 0.45454545454545453, 0.45454545454545453, 0.4444444444444444, 0.4444444444444444
107, 0.02272727272727272, 0.5000000000000001, 0.2424242424242425, 9, 1, 1, 1, 1, 0, 1, 0, 1, 0, 0.5, 0, 0.5454545454545454, 0, 0.5, 0.5, 0.45454545454545453, 0.45454545454545453
108, 0.0025252525252525415, 0.5336700336700323, 0.16666666666666666, 9, 1, 1, 1, 1, 0, 1, 0, 1, 1, 0.5454545454545454, 0, 0.5555555555555556, 0, 0.5, 0.5
109, 0.003968253968253954, 0.5423280423280411, 0.16666666666666666, 9, 1, 1, 1, 1, 0, 1, 1, 0, 1, 0.5555555555555556, 0, 0.5714285714285714, 0, 0.5, 0.5
110, 0.007142857142857145, 0.5571428571428585, 0.16666666666666666, 9, 1, 1, 1, 1, 1, 0, 1, 0, 1, 0.5714285714285714, 0, 0.6, 0, 0.5, 0.5
111, 0.013636363636363613, 0.5484848484848484, 0.34848484848484873, 9, 1, 1, 2, 0, 1, 0, 1, 0, 1, 0.6, 0, 0.5454545454545454, 0.5454545454545454, 0.5, 0.5
112, 0.009974747474747497, 0.5854632826151809, 0.2404210885223543, 9, 1, 1, 2, 0, 1, 0, 1, 1, 0, 0.6, 0, 0.625, 0, 0.5555555555555556, 0.5555555555555556, 0.5454545454545454, 0.5454545454545454
113, 0.010804473304473261, 0.5965611075377351, 0.30754785312381333, 9, 1, 1, 2, 0, 1, 1, 0, 1, 0, 0.625, 0, 0.6363636363636364, 0, 0.6, 0.39999999999999947, 0.5714285714285714, 0.5714285714285714, 0.5555555555555556, 0.5555555555555556
114, 0.006060606060606044, 0.6343434343434354, 0.13333333333333303, 9, 1, 1, 2, 0, 1, 1, 0, 1, 1, 0.6363636363636364, 0, 0.6666666666666666, 0, 0.6, 0.39999999999999947
115, 0.00833333333333336, 0.6166666666666657, 0.37222222222222123, 9, 1, 1, 2, 1, 0, 1, 0, 1, 1, 0.6666666666666666, 0, 0.6, 0.6, 0.5833333333333334, 0.5833333333333334, 0.6, 0.39999999999999947
116, 0.0011904761904762279, 0.5849206349206347, 0.5182539682539623, 9, 1, 1, 2, 1, 0, 1, 0, 1, 0, 0.5833333333333334, 0.5833333333333334, 0.5714285714285714, 0.5714285714285714, 0.6, 0.39999999999999947
117, 0.020833333333333315, 0.6505555555555557, 0.2994444444444447, 9, 1, 1, 2, 1, 0, 1, 1, 0, 1, 0.6666666666666666, 0, 0.7, 0, 0.6666666666666666, 0.33333333333333304, 0.625, 0.625, 0.6, 0.6
118, 0.0023809523809523864, 0.6936507936507931, 0.11111111111111047, 9, 1, 1, 2, 1, 0, 1, 1, 1, 0, 0.7, 0, 0.7142857142857143, 0, 0.6666666666666666, 0.33333333333333304
119, 0.017316017316017354, 0.6800144300144304, 0.36742424242424204, 9, 1, 1, 2, 1, 1, 0, 1, 1, 0, 0.7142857142857143, 0, 0.7272727272727273, 0, 0.6666666666666666, 0.6666666666666666, 0.6363636363636364, 0.6363636363636364, 0.6666666666666666, 0.33333333333333304
120, 0.007575757575757569, 0.7146464646464616, 0.22222222222222263, 9, 1, 1, 2, 1, 1, 0, 1, 1, 1, 0.7272727272727273, 0, 0.75, 0, 0.6666666666666666, 0.6666666666666666
121, 0.0018939393939393923, 0.6426767676767692, 0.5315656565656572, 9, 1, 1, 2, 1, 1, 0, 1, 0, 1, 0.6363636363636364, 0.6363636363636364, 0.625, 0.625, 0.6666666666666666, 0.33333333333333304
122, 0.013888888888888895, 0.7314814814814824, 0.25000000000000033, 9, 1, 1, 2, 1, 1, 1, 0, 1, 1, 0.75, 0, 0.7777777777777778, 0, 0.75, 0.25, 0.6666666666666666, 0.6666666666666666
123, 0.002777777777777782, 0.7759259259259288, 0.08333333333333333, 9, 1, 1, 2, 1, 1, 1, 1, 0, 1, 0.7777777777777778, 0, 0.8, 0, 0.75, 0.25
124, 0.010714285714285718, 0.7547619047619054, 0.3293650793650791, 9, 1, 1, 3, 0, 1, 1, 1, 0, 1, 0.8, 0, 0.75, 0.5, 0.7142857142857143, 0.5714285714285712, 0.75, 0.25
125, 0.006818181818181779, 0.7893939393939408, 0.18888888888888916, 9, 1, 1, 3, 0, 1, 1, 1, 1, 0, 0.8, 0, 0.8181818181818182, 0, 0.8, 0.1999999999999993, 0.75, 0.5
126, 0.001515151515151511, 0.8171717171717147, 0.06666666666666651, 9, 1, 1, 3, 0, 1, 1, 1, 1, 1, 0.8181818181818182, 0, 0.8333333333333334, 0, 0.8, 0.1999999999999993
127, 0.005952380952380917, 0.7103174603174631, 0.49603174603174655, 9, 1, 1, 3, 0, 1, 1, 0, 1, 1, 0.7142857142857143, 0.5714285714285712, 0.6666666666666666, 0.6666666666666666, 0.75, 0.25
128, 0.010317460317460336, 0.8159137159137138, 0.2011396011396014, 9, 1, 1, 3, 1, 0, 1, 1, 1, 1, 0.8333333333333334, 0, 0.8571428571428571, 0, 0.8, 0.40000000000000036, 0.7777777777777778, 0.44444444444444287, 0.8, 0.1999999999999993
129, 0.00277777777777774, 0.7759259259259271, 0.38148148148148114, 9, 1, 1, 3, 1, 0, 1, 1, 1, 0, 0.7777777777777778, 0.44444444444444287, 0.75, 0.5, 0.8, 0.1999999999999993
130, 0.007738095238095266, 0.8397741147741178, 0.19316239316239345, 9, 1, 1, 3, 1, 1, 0, 1, 1, 1, 0.8571428571428571, 0, 0.875, 0, 0.8333333333333334, 0.3333333333333339, 0.8, 0.40000000000000036
131, 0.004960317460317415, 0.8625661375661366, 0.16190476190476155, 9, 1, 1, 3, 1, 1, 1, 0, 1, 1, 0.875, 0, 0.8888888888888888, 0, 0.8571428571428571, 0.2857142857142847, 0.8333333333333334, 0.3333333333333339
132, 0.003373015873015889, 0.8795596016184214, 0.1393557422969188, 9, 1, 1, 3, 1, 1, 1, 1, 0, 1, 0.8888888888888888, 0, 0.9, 0, 0.875, 0.25, 0.8571428571428571, 0.2857142857142847
133, 0.002398989898989873, 0.8927476519581834, 0.12231968810916156, 9, 1, 1, 3, 1, 1, 1, 1, 1, 0, 0.9, 0, 0.9090909090909091, 0, 0.8888888888888888, 0.22222222222222143, 0.875, 0.25
134, 0.010101010101010069, 0.9326599326599315, 0.07407407407407386, 9, 1, 1, 3, 1, 1, 1, 1, 1, 1, 0.9090909090909091, 0, 1, 0, 0.8888888888888888, 0.22222222222222143
135, 0.0277777777777779, 0.9074074074074071, 0.35185185185185125, 9, 1, 2, 2, 1, 1, 1, 1, 1, 1, 1, 0, 0.8333333333333334, 0.8333333333333334, 0.8888888888888888, 0.22222222222222143
136, 0.008207070707070663, 0.8521432271432257, 0.5497927997927994, 9, 1, 2, 2, 1, 1, 1, 1, 1, 0, 0.8333333333333334, 0.8333333333333334, 0.8181818181818182, 0.8181818181818182, 0.875, 0.25, 0.8888888888888888, 0.22222222222222143
137, 0.009253246753246791, 0.8360731373889287, 0.5542226779068892, 9, 1, 2, 2, 1, 1, 1, 1, 0, 1, 0.8181818181818182, 0.8181818181818182, 0.8, 0.8, 0.8571428571428571, 0.2857142857142847, 0.875, 0.25
138, 0.010317460317460309, 0.8159137159137141, 0.5613349613349622, 9, 1, 2, 2, 1, 1, 1, 0, 1, 1, 0.8, 0.8, 0.7777777777777778, 0.7777777777777778, 0.8333333333333334, 0.3333333333333339, 0.8571428571428571, 0.2857142857142847
139, 0.011111111111111044, 0.7898148148148163, 0.5731481481481486, 9, 1, 2, 2, 1, 1, 0, 1, 1, 1, 0.7777777777777778, 0.7777777777777778, 0.75, 0.75, 0.8, 0.40000000000000036, 0.8333333333333334, 0.3333333333333339
140, 0.002777777777777851, 0.775925925925926, 0.5314814814814821, 9, 1, 2, 2, 1, 0, 1, 1, 1, 1, 0.75, 0.75, 0.7777777777777778, 0.44444444444444287, 0.8, 0.40000000000000036
141, 0.006313131313131354, 0.7516835016834996, 0.6072390572390549, 9, 1, 2, 2, 1, 0, 1, 1, 1, 0, 0.75, 0.75, 0.7272727272727273, 0.7272727272727273, 0.75, 0.5, 0.7777777777777778, 0.44444444444444287
142, 0.00162337662337661, 0.7305194805194802, 0.6471861471861484, 9, 1, 2, 2, 1, 0, 1, 1, 0, 1, 0.7272727272727273, 0.7272727272727273, 0.7142857142857143, 0.7142857142857143, 0.75, 0.5
143, 0.0035714285714285587, 0.7214285714285735, 0.6142857142857161, 9, 1, 2, 2, 0, 1, 1, 1, 0, 1, 0.7142857142857143, 0.7142857142857143, 0.7, 0.7, 0.7142857142857143, 0.5714285714285712, 0.75, 0.5
144, 0.0023809523809524002, 0.6936507936507929, 0.6460317460317444, 9, 1, 2, 2, 0, 1, 1, 0, 1, 1, 0.7, 0.7, 0.6666666666666666, 0.6666666666666666, 0.7142857142857143, 0.5714285714285712
145, 0.011904761904761862, 0.8968253968253982, 0.5634920634920633, 9, 1, 2, 3, 0, 1, 1, 1, 1, 1, 1, 0, 0.8571428571428571, 0.8571428571428571, 0.8333333333333334, 0.8333333333333334
146, 0.008928571428571452, 0.9107142857142835, 0.5773809523809522, 9, 1, 2, 3, 1, 0, 1, 1, 1, 1, 1, 0, 0.875, 0.875, 0.8571428571428571, 0.8571428571428571
147, 0.00694444444444442, 0.9212962962962973, 0.587962962962964, 9, 1, 2, 3, 1, 1, 0, 1, 1, 1, 1, 0, 0.8888888888888888, 0.8888888888888888, 0.875, 0.875
148, 0.005555555555555591, 0.9296296296296254, 0.5962962962962953, 9, 1, 2, 3, 1, 1, 1, 0, 1, 1, 1, 0, 0.9, 0.9, 0.8888888888888888, 0.8888888888888888
149, 0.004545454545454519, 0.9363636363636428, 0.6030303030303014, 9, 1, 2, 3, 1, 1, 1, 1, 0, 1, 1, 0, 0.9090909090909091, 0.9090909090909091, 0.9, 0.9
150, 0.0037878787878787845, 0.9419191919191823, 0.6085858585858587, 9, 1, 2, 3, 1, 1, 1, 1, 1, 0, 1, 0, 0.9166666666666666, 0.9166666666666666, 0.9090909090909091, 0.9090909090909091
151, 0.041666666666666685, 0.9722222222222228, 0.638888888888889, 9, 1, 2, 3, 1, 1, 1, 1, 1, 1, 1, 0, 1, 1, 0.9166666666666666, 0.9166666666666666
