nr, area, centroidx, centroidy, numBars, pixPerBar0, ..., pixPerBarN, vertex1x, vertex1y, vertex2x, ...
0, 0.041666666666666664, 0.027777777777777776, 0.36111111111111105, 9, 0, 0, 0, 0, 0, 0, 0, 0, 0, 0, 0, 0.08333333333333333, 0.08333333333333333, 0, 1
1, 0.0037878787878787915, 0.05808080808080805, 0.3914141414141412, 9, 0, 0, 0, 0, 0, 0, 0, 0, 1, 0.08333333333333333, 0.08333333333333333, 0.09090909090909091, 0.09090909090909091, 0, 1
2, 0.004545454545454547, 0.06363636363636367, 0.39696969696969775, 9, 0, 0, 0, 0, 0, 0, 0, 1, 0, 0.09090909090909091, 0.09090909090909091, 0.1, 0.1, 0, 1
3, 0.00555555555555555, 0.07037037037037036, 0.4037037037037035, 9, 0, 0, 0, 0, 0, 0, 1, 0, 0, 0.1, 0.1, 0.1111111111111111, 0.1111111111111111, 0, 1
4, 0.0069444444444444475, 0.07870370370370368, 0.41203703703703703, 9, 0, 0, 0, 0, 0, 1, 0, 0, 0, 0.1111111111111111, 0.1111111111111111, 0.125, 0.125, 0, 1
5, 0.008928571428571425, 0.0892857142857143, 0.42261904761904756, 9, 0, 0, 0, 0, 1, 0, 0, 0, 0, 0.125, 0.125, 0.14285714285714285, 0.14285714285714285, 0, 1
6, 0.023809523809523808, 0.10317460317460321, 0.48412698412698424, 9, 0, 0, 0, 1, 0, 0, 0, 0, 0, 0.14285714285714285, 0.14285714285714285, 0.16666666666666666, 0.16666666666666666, 0.14285714285714285, 0.4285714285714286, 0, 1
7, 0.003246753246753248, 0.1637806637806638, 0.2775372775372775, 9, 0, 0, 0, 1, 0, 0, 0, 0, 1, 0.16666666666666666, 0.16666666666666666, 0.18181818181818182, 0.18181818181818182, 0.16666666666666666, 0.33333333333333326, 0.14285714285714285, 0.4285714285714286
8, 0.0015151515151515145, 0.1828282828282828, 0.23838383838383817, 9, 0, 0, 0, 1, 0, 0, 0, 1, 0, 0.18181818181818182, 0.18181818181818182, 0.2, 0.2, 0.16666666666666666, 0.33333333333333326
9, 0.009722222222222247, 0.1533068783068782, 0.5514550264550256, 9, 0, 0, 1, 0, 0, 0, 0, 1, 0, 0.2, 0.2, 0.125, 0.875, 0.1111111111111111, 0.8888888888888888, 0.16666666666666666, 0.33333333333333326
10, 0.0063492063492063405, 0.13187830687830696, 0.6210978835978834, 9, 0, 0, 1, 0, 0, 0, 0, 0, 1, 0.1111111111111111, 0.8888888888888888, 0.1, 0.8999999999999999, 0.14285714285714285, 0.4285714285714286, 0.16666666666666666, 0.33333333333333326
11, 0.021428571428571422, 0.08095238095238096, 0.7761904761904761, 9, 0, 0, 1, 0, 0, 0, 0, 0, 0, 0.1, 0.8999999999999999, 0, 1, 0.14285714285714285, 0.4285714285714286
12, 0.013293650793650788, 0.17530008686725101, 0.5141415936192061, 9, 0, 0, 1, 0, 0, 0, 1, 0, 0, 0.2, 0.2, 0.2222222222222222, 0.2222222222222222, 0.14285714285714285, 0.8571428571428572, 0.125, 0.875
13, 0.015873015873015858, 0.19808201058201064, 0.5195105820105819, 9, 0, 0, 1, 0, 0, 1, 0, 0, 0, 0.2222222222222222, 0.2222222222222222, 0.25, 0.25, 0.16666666666666666, 0.8333333333333333, 0.14285714285714285, 0.8571428571428572
14, 0.008333333333333345, 0.20555555555555574, 0.6277777777777779, 9, 0, 0, 1, 0, 1, 0, 0, 0, 0, 0.25, 0.25, 0.2, 0.8, 0.16666666666666666, 0.8333333333333333
15, 0.00909090909090908, 0.24090909090909093, 0.4617424242424242, 9, 0, 0, 1, 0, 1, 0, 0, 0, 1, 0.25, 0.25, 0.2727272727272727, 0.2727272727272727, 0.25, 0.5, 0.2, 0.8
16, 0.001623376623376624, 0.2694805194805188, 0.3528138528138522, 9, 0, 0, 1, 0, 1, 0, 0, 1, 0, 0.2727272727272727, 0.2727272727272727, 0.2857142857142857, 0.2857142857142857, 0.25, 0.5
17, 0.011507936507936495, 0.2606914796569972, 0.5407042510490788, 9, 0, 0, 1, 1, 0, 0, 0, 1, 0, 0.2857142857142857, 0.2857142857142857, 0.3, 0.3, 0.25, 0.75, 0.2222222222222222, 0.7777777777777777, 0.25, 0.5
18, 0.002777777777777768, 0.224074074074074, 0.6925925925925935, 9, 0, 0, 1, 1, 0, 0, 0, 0, 1, 0.2222222222222222, 0.7777777777777777, 0.2, 0.8, 0.25, 0.5
19, 0.014285714285714304, 0.2924603174603173, 0.5186507936507931, 9, 0, 0, 1, 1, 0, 0, 1, 0, 0, 0.3, 0.3, 0.3333333333333333, 0.3333333333333333, 0.2857142857142857, 0.7142857142857144, 0.25, 0.75
20, 0.0023809523809523864, 0.306349206349206, 0.5825396825396826, 9, 0, 0, 1, 1, 0, 1, 0, 0, 0, 0.3333333333333333, 0.3333333333333333, 0.3, 0.6999999999999997, 0.2857142857142857, 0.7142857142857144
21, 0.010606060606060605, 0.33232323232323246, 0.5132756132756131, 9, 0, 0, 1, 1, 0, 1, 0, 0, 1, 0.3333333333333333, 0.3333333333333333, 0.36363636363636365, 0.36363636363636365, 0.3333333333333333, 0.6666666666666667, 0.3, 0.6999999999999997
22, 0.0018939393939393784, 0.3573232323232322, 0.46843434343434615, 9, 0, 0, 1, 1, 0, 1, 0, 1, 0, 0.36363636363636365, 0.36363636363636365, 0.375, 0.375, 0.3333333333333333, 0.6666666666666667
23, 0.0041666666666666935, 0.3694444444444443, 0.4805555555555554, 9, 0, 0, 1, 1, 1, 0, 0, 1, 0, 0.375, 0.375, 0.4, 0.4, 0.3333333333333333, 0.6666666666666667
24, 0.004166666666666638, 0.3694444444444448, 0.5638888888888888, 9, 0, 0, 2, 0, 1, 0, 0, 1, 0, 0.4, 0.4, 0.375, 0.625, 0.3333333333333333, 0.6666666666666667
25, 0.00416666666666668, 0.39722222222222203, 0.5138888888888888, 9, 0, 0, 2, 0, 1, 0, 1, 0, 0, 0.4, 0.4, 0.4166666666666667, 0.4166666666666667, 0.4, 0.6000000000000001, 0.375, 0.625
26, 0.0011904761904761862, 0.4150793650793642, 0.4817460317460332, 9, 0, 0, 2, 0, 1, 0, 1, 0, 1, 0.4166666666666667, 0.4166666666666667, 0.42857142857142855, 0.42857142857142855, 0.4, 0.6000000000000001
27, 0.003174603174603191, 0.4243386243386237, 0.5148148148148137, 9, 0, 0, 2, 1, 0, 0, 1, 0, 1, 0.42857142857142855, 0.42857142857142855, 0.4444444444444444, 0.4444444444444444, 0.42857142857142855, 0.5714285714285716, 0.4, 0.6000000000000001
28, 0.0014430014430014543, 0.4425204425204414, 0.508658008658008, 9, 0, 0, 2, 1, 0, 1, 0, 0, 1, 0.4444444444444444, 0.4444444444444444, 0.45454545454545453, 0.45454545454545453, 0.4444444444444444, 0.5555555555555554, 0.42857142857142855, 0.5714285714285716
29, 0.0025252525252525138, 0.4663299663299664, 0.5033670033670039, 9, 0, 0, 2, 1, 0, 1, 0, 1, 0, 0.45454545454545453, 0.45454545454545453, 0.5, 0.5, 0.4444444444444444, 0.5555555555555554
30, 0.018253968253968245, 0.44607775477340733, 0.7431561996779387, 9, 0, 1, 1, 1, 0, 1, 0, 1, 0, 0.5, 0.5, 0.42857142857142855, 1, 0.4, 1, 0.4444444444444444, 0.5555555555555554
31, 0.008531746031746015, 0.4098037406176943, 0.8020179648086639, 9, 0, 1, 1, 1, 0, 1, 0, 0, 1, 0.4, 1, 0.375, 1, 0.42857142857142855, 0.5714285714285716, 0.4444444444444444, 0.5555555555555554
32, 0.007629870129870112, 0.3947430229345127, 0.7663627152988854, 9, 0, 1, 1, 1, 0, 0, 1, 0, 1, 0.375, 1, 0.36363636363636365, 1, 0.4, 0.6000000000000001, 0.42857142857142855, 0.5714285714285716
33, 0.006060606060606058, 0.36565656565656524, 0.8666666666666665, 9, 0, 1, 1, 1, 0, 0, 1, 0, 0, 0.36363636363636365, 1, 0.3333333333333333, 1, 0.4, 0.6000000000000001
34, 0.003968253968253982, 0.4576719576719557, 0.8333333333333321, 9, 0, 1, 1, 1, 1, 0, 0, 1, 0, 0.5, 0.5, 0.4444444444444444, 1, 0.42857142857142855, 1
35, 0.0025252525252525138, 0.4663299663299655, 0.8333333333333351, 9, 0, 1, 1, 1, 1, 0, 1, 0, 0, 0.5, 0.5, 0.45454545454545453, 1, 0.4444444444444444, 1
36, 0.022727272727272735, 0.5000000000000002, 0.757575757575758, 9, 0, 1, 1, 1, 1, 0, 1, 0, 1, 0.5, 0.5, 0.5454545454545454, 0.5454545454545454, 0.5, 1, 0.45454545454545453, 1
37, 0.0025252525252525415, 0.5336700336700323, 0.7003367003366989, 9, 0, 1, 1, 1, 1, 0, 1, 1, 0, 0.5454545454545454, 0.5454545454545454, 0.5555555555555556, 0.5555555555555556, 0.5, 1
38, 0.003968253968253954, 0.5423280423280411, 0.7089947089947078, 9, 0, 1, 1, 1, 1, 1, 0, 1, 0, 0.5555555555555556, 0.5555555555555556, 0.5714285714285714, 0.5714285714285714, 0.5, 1
39, 0.005952380952380959, 0.5515873015873014, 0.7420634920634935, 9, 0, 1, 1, 2, 0, 1, 0, 1, 0, 0.5714285714285714, 0.5714285714285714, 0.5833333333333334, 0.5833333333333334, 0.5714285714285714, 0.7142857142857144, 0.5, 1
40, 0.001190476190476214, 0.58492063492063, 0.6325396825396778, 9, 0, 1, 1, 2, 0, 1, 0, 1, 1, 0.5833333333333334, 0.5833333333333334, 0.6, 0.6, 0.5714285714285714, 0.7142857142857144
41, 0.00416666666666668, 0.3694444444444455, 0.741666666666667, 9, 0, 1, 1, 0, 1, 0, 1, 0, 0, 0.3333333333333333, 1, 0.375, 0.625, 0.4, 0.6000000000000001
42, 0.012500000000000011, 0.33611111111111097, 0.8194444444444441, 9, 0, 1, 1, 0, 1, 0, 0, 1, 0, 0.3333333333333333, 1, 0.3, 1, 0.3333333333333333, 0.6666666666666667, 0.375, 0.625
43, 0.0023809523809523864, 0.306349206349205, 0.8888888888888876, 9, 0, 1, 1, 0, 1, 0, 0, 0, 1, 0.3, 1, 0.2857142857142857, 1, 0.3333333333333333, 0.6666666666666667
44, 0.004329004329004335, 0.29725829725829733, 0.865079365079364, 9, 0, 1, 1, 0, 0, 1, 0, 0, 1, 0.2857142857142857, 1, 0.2727272727272727, 1, 0.2857142857142857, 0.8571428571428572, 0.3333333333333333, 0.6666666666666667
45, 0.001623376623376624, 0.26948051948051954, 0.9523809523809516, 9, 0, 1, 1, 0, 0, 1, 0, 0, 0, 0.2727272727272727, 1, 0.25, 1, 0.2857142857142857, 0.8571428571428572
46, 0.004617604617604604, 0.5699795574795584, 0.8130952380952413, 9, 0, 1, 2, 1, 0, 1, 0, 1, 1, 0.6, 0.6, 0.5555555555555556, 1, 0.5454545454545454, 1, 0.5714285714285714, 0.7142857142857144
47, 0.006493506493506496, 0.5389610389610384, 0.9047619047619045, 9, 0, 1, 2, 1, 0, 1, 0, 1, 0, 0.5454545454545454, 1, 0.5, 1, 0.5714285714285714, 0.7142857142857144
48, 0.00853174603174603, 0.5901962593823069, 0.7881782945736422, 9, 0, 1, 2, 1, 0, 1, 1, 0, 1, 0.6, 0.6, 0.625, 0.625, 0.5714285714285714, 1, 0.5555555555555556, 1
49, 0.0076298701298701255, 0.6052569770654874, 0.8388942617666022, 9, 0, 1, 2, 1, 1, 0, 1, 0, 1, 0.625, 0.625, 0.6363636363636364, 0.6363636363636364, 0.6, 1, 0.5714285714285714, 1
50, 0.010227272727272724, 0.6328002244668904, 0.8170594837261504, 9, 0, 1, 2, 1, 1, 0, 1, 1, 0, 0.6363636363636364, 0.6363636363636364, 0.6666666666666666, 0.6666666666666666, 0.625, 1, 0.6, 1
51, 0.0018939393939393923, 0.6426767676767692, 0.8888888888888905, 9, 0, 1, 2, 1, 1, 1, 0, 1, 0, 0.6666666666666666, 0.6666666666666666, 0.6363636363636364, 1, 0.625, 1
52, 0.010606060606060591, 0.6676767676767686, 0.836507936507937, 9, 0, 1, 2, 1, 1, 1, 0, 1, 1, 0.6666666666666666, 0.6666666666666666, 0.7, 0.7, 0.6666666666666666, 1, 0.6363636363636364, 1
53, 0.0023809523809524002, 0.6936507936507929, 0.8047619047619066, 9, 0, 1, 2, 1, 1, 1, 1, 0, 1, 0.7, 0.7, 0.7142857142857143, 0.7142857142857143, 0.6666666666666666, 1
54, 0.0067099567099567214, 0.6995158962900893, 0.8783689428850698, 9, 0, 1, 2, 2, 0, 1, 1, 0, 1, 0.7142857142857143, 0.7142857142857143, 0.7272727272727273, 0.7272727272727273, 0.7, 1, 0.6666666666666666, 1
55, 0.0051948051948051965, 0.7242694805194816, 0.8570075757575758, 9, 0, 1, 2, 2, 0, 1, 1, 1, 0, 0.7272727272727273, 0.7272727272727273, 0.75, 0.75, 0.7142857142857143, 1, 0.7, 1
56, 0.0016233766233766378, 0.7305194805194792, 0.9166666666666666, 9, 0, 1, 2, 2, 1, 0, 1, 1, 0, 0.75, 0.75, 0.7272727272727273, 1, 0.7142857142857143, 1
57, 0.0063131313131312705, 0.7516835016835022, 0.8759259259259269, 9, 0, 1, 2, 2, 1, 0, 1, 1, 1, 0.75, 0.75, 0.7777777777777778, 0.7777777777777778, 0.75, 1, 0.7272727272727273, 1
58, 0.002777777777777768, 0.7759259259259293, 0.8592592592592626, 9, 0, 1, 2, 2, 1, 1, 0, 1, 1, 0.7777777777777778, 0.7777777777777778, 0.8, 0.8, 0.75, 1
59, 0.0027777777777778234, 0.7759259259259238, 0.9333333333333274, 9, 0, 1, 3, 1, 1, 1, 0, 1, 1, 0.8, 0.8, 0.7777777777777778, 1, 0.75, 1
60, 0.004040404040404011, 0.7986531986531986, 0.9060606060606086, 9, 0, 1, 3, 1, 1, 1, 1, 0, 1, 0.8, 0.8, 0.8181818181818182, 0.8181818181818182, 0.8, 1, 0.7777777777777778, 1
61, 0.00303030303030305, 0.8171717171717163, 0.9141414141414121, 9, 0, 1, 3, 1, 1, 1, 1, 1, 0, 0.8181818181818182, 0.8181818181818182, 0.8333333333333334, 0.8333333333333334, 0.8181818181818182, 1, 0.8, 1
62, 0.00324675324675322, 0.8362193362193384, 0.9153439153439189, 9, 0, 1, 3, 1, 1, 1, 1, 1, 1, 0.8333333333333334, 0.8333333333333334, 0.8571428571428571, 0.8571428571428571, 0.8333333333333334, 1, 0.8181818181818182, 1
63, 0.0029761904761904656, 0.8551587301587315, 0.9345238095238086, 9, 0, 1, 3, 2, 0, 1, 1, 1, 1, 0.8571428571428571, 0.8571428571428571, 0.875, 0.875, 0.8571428571428571, 1, 0.8333333333333334, 1
64, 0.0019841269841270326, 0.8736772486772406, 0.942129629629623, 9, 0, 1, 3, 2, 1, 0, 1, 1, 1, 0.875, 0.875, 0.8888888888888888, 0.8888888888888888, 0.875, 1, 0.8571428571428571, 1
65, 0.001388888888888884, 0.8879629629629613, 0.948148148148148, 9, 0, 1, 3, 2, 1, 1, 0, 1, 1, 0.8888888888888888, 0.8888888888888888, 0.9, 0.9, 0.8888888888888888, 1, 0.875, 1
66, 0.0010101010101010166, 0.8993265993265984, 0.9530303030303026, 9, 0, 1, 3, 2, 1, 1, 1, 0, 1, 0.9, 0.9, 0.9090909090909091, 0.9090909090909091, 0.9, 1, 0.8888888888888888, 1
67, 0.0007575757575757347, 0.9085858585858655, 0.9570707070707152, 9, 0, 1, 3, 2, 1, 1, 1, 1, 0, 0.9090909090909091, 0.9090909090909091, 0.9166666666666666, 0.9166666666666666, 0.9090909090909091, 1, 0.9, 1
68, 0.0037878787878787845, 0.9419191919191933, 0.9722222222222227, 9, 0, 1, 3, 2, 1, 1, 1, 1, 1, 0.9166666666666666, 0.9166666666666666, 1, 1, 0.9090909090909091, 1
69, 0.0035714285714285726, 0.27857142857142825, 0.8285714285714298, 9, 0, 1, 0, 1, 0, 1, 0, 0, 0, 0.25, 1, 0.2857142857142857, 0.7142857142857144, 0.3, 0.6999999999999997, 0.2857142857142857, 0.8571428571428572
70, 0.0023809523809523586, 0.3063492063492086, 0.7412698412698455, 9, 0, 1, 0, 1, 0, 1, 0, 0, 1, 0.3, 0.6999999999999997, 0.3333333333333333, 0.6666666666666667, 0.2857142857142857, 0.8571428571428572
71, 0.007936507936507936, 0.25264550264550273, 0.8630952380952384, 9, 0, 1, 0, 1, 0, 0, 1, 0, 0, 0.25, 1, 0.2222222222222222, 1, 0.25, 0.75, 0.2857142857142857, 0.7142857142857144
72, 0.005555555555555564, 0.22407407407407393, 0.879629629629629, 9, 0, 1, 0, 1, 0, 0, 0, 1, 0, 0.2222222222222222, 1, 0.2, 1, 0.2222222222222222, 0.7777777777777777, 0.25, 0.75
73, 0.004040404040404039, 0.2013468013468013, 0.8925925925925926, 9, 0, 1, 0, 1, 0, 0, 0, 0, 1, 0.2, 1, 0.18181818181818182, 1, 0.2, 0.8, 0.2222222222222222, 0.7777777777777777
74, 0.001515151515151511, 0.18282828282828267, 0.9333333333333342, 9, 0, 1, 0, 1, 0, 0, 0, 0, 0, 0.18181818181818182, 1, 0.16666666666666666, 1, 0.2, 0.8
75, 0.004761904761904766, 0.1698412698412699, 0.9055555555555551, 9, 0, 1, 0, 0, 1, 0, 0, 0, 0, 0.16666666666666666, 1, 0.14285714285714285, 1, 0.16666666666666666, 0.8333333333333333, 0.2, 0.8
76, 0.0029761904761904795, 0.14484126984126977, 0.9206349206349201, 9, 0, 1, 0, 0, 0, 1, 0, 0, 0, 0.14285714285714285, 1, 0.125, 1, 0.14285714285714285, 0.8571428571428572, 0.16666666666666666, 0.8333333333333333
77, 0.001984126984126977, 0.12632275132275142, 0.9315476190476204, 9, 0, 1, 0, 0, 0, 0, 1, 0, 0, 0.125, 1, 0.1111111111111111, 1, 0.125, 0.875, 0.14285714285714285, 0.8571428571428572
78, 0.001388888888888891, 0.11203703703703696, 0.9398148148148144, 9, 0, 1, 0, 0, 0, 0, 0, 1, 0, 0.1111111111111111, 1, 0.1, 1, 0.1111111111111111, 0.8888888888888888, 0.125, 0.875
79, 0.0010101010101010166, 0.10067340067340046, 0.9462962962962946, 9, 0, 1, 0, 0, 0, 0, 0, 0, 1, 0.1, 1, 0.09090909090909091, 1, 0.1, 0.8999999999999999, 0.1111111111111111, 0.8888888888888888
80, 0.004545454545454547, 0.0636363636363636, 0.9666666666666667, 9, 0, 1, 0, 0, 0, 0, 0, 0, 0, 0.09090909090909091, 1, 0, 1, 0.1, 0.8999999999999999
81, 0.003787878787878788, 0.05808080808080809, 0.027777777777777776, 9, 1, 0, 0, 0, 0, 0, 0, 0, 0, 0, 0, 0.09090909090909091, 0, 0.08333333333333333, 0.08333333333333333
82, 0.0007575757575757581, 0.0914141414141414, 0.04292929292929293, 9, 1, 0, 0, 0, 0, 0, 0, 0, 1, 0.09090909090909091, 0, 0.1, 0, 0.09090909090909091, 0.09090909090909091, 0.08333333333333333, 0.08333333333333333
83, 0.0010101010101010097, 0.10067340067340065, 0.046969696969696974, 9, 1, 0, 0, 0, 0, 0, 0, 1, 0, 0.1, 0, 0.1111111111111111, 0, 0.1, 0.1, 0.09090909090909091, 0.09090909090909091
84, 0.0013888888888888883, 0.11203703703703706, 0.051851851851851864, 9, 1, 0, 0, 0, 0, 0, 1, 0, 0, 0.1111111111111111, 0, 0.125, 0, 0.1111111111111111, 0.1111111111111111, 0.1, 0.1
85, 0.001984126984126984, 0.12632275132275128, 0.05787037037037037, 9, 1, 0, 0, 0, 0, 1, 0, 0, 0, 0.125, 0, 0.14285714285714285, 0, 0.125, 0.125, 0.1111111111111111, 0.1111111111111111
86, 0.002976190476190476, 0.1448412698412699, 0.06547619047619045, 9, 1, 0, 0, 0, 1, 0, 0, 0, 0, 0.14285714285714285, 0, 0.16666666666666666, 0, 0.14285714285714285, 0.14285714285714285, 0.125, 0.125
87, 0.003246753246753248, 0.1637806637806638, 0.08465608465608464, 9, 1, 0, 0, 1, 0, 0, 0, 0, 0, 0.16666666666666666, 0, 0.18181818181818182, 0, 0.16666666666666666, 0.16666666666666666, 0.14285714285714285, 0.14285714285714285
88, 0.0030303030303030325, 0.1828282828282828, 0.08585858585858586, 9, 1, 0, 0, 1, 0, 0, 0, 0, 1, 0.18181818181818182, 0, 0.2, 0, 0.18181818181818182, 0.18181818181818182, 0.16666666666666666, 0.16666666666666666
89, 0.004040404040404039, 0.2013468013468013, 0.09393939393939395, 9, 1, 0, 0, 1, 0, 0, 0, 1, 0, 0.2, 0, 0.2222222222222222, 0, 0.2, 0.2, 0.18181818181818182, 0.18181818181818182
90, 0.0027777777777777783, 0.2240740740740742, 0.06666666666666678, 9, 1, 0, 0, 1, 0, 0, 1, 0, 0, 0.2222222222222222, 0, 0.25, 0, 0.2, 0.2
91, 0.002777777777777775, 0.22407407407407406, 0.14074074074074072, 9, 1, 0, 1, 0, 0, 0, 1, 0, 0, 0.25, 0, 0.2222222222222222, 0.2222222222222222, 0.2, 0.2
92, 0.006313131313131312, 0.24831649831649838, 0.12407407407407407, 9, 1, 0, 1, 0, 0, 1, 0, 0, 0, 0.25, 0, 0.2727272727272727, 0, 0.25, 0.25, 0.2222222222222222, 0.2222222222222222
93, 0.001623376623376624, 0.2694805194805188, 0.08333333333333333, 9, 1, 0, 1, 0, 0, 1, 0, 0, 1, 0.2727272727272727, 0, 0.2857142857142857, 0, 0.25, 0.25
94, 0.00519480519480519, 0.27573051948051963, 0.14299242424242428, 9, 1, 0, 1, 0, 1, 0, 0, 0, 1, 0.2857142857142857, 0, 0.3, 0, 0.2727272727272727, 0.2727272727272727, 0.25, 0.25
95, 0.0067099567099567145, 0.3004841037099102, 0.121631057114928, 9, 1, 0, 1, 0, 1, 0, 0, 1, 0, 0.3, 0, 0.3333333333333333, 0, 0.2857142857142857, 0.2857142857142857, 0.2727272727272727, 0.2727272727272727
96, 0.0023809523809523794, 0.3063492063492059, 0.19523809523809535, 9, 1, 0, 1, 1, 0, 0, 0, 1, 0, 0.3333333333333333, 0, 0.3, 0.3, 0.2857142857142857, 0.2857142857142857
97, 0.010606060606060612, 0.33232323232323246, 0.1634920634920634, 9, 1, 0, 1, 1, 0, 0, 1, 0, 0, 0.3333333333333333, 0, 0.36363636363636365, 0, 0.3333333333333333, 0.3333333333333333, 0.3, 0.3
98, 0.0018939393939393923, 0.3573232323232308, 0.11111111111111131, 9, 1, 0, 1, 1, 0, 0, 1, 0, 1, 0.36363636363636365, 0, 0.375, 0, 0.3333333333333333, 0.3333333333333333
99, 0.010227272727272738, 0.36719977553310906, 0.18294051627384955, 9, 1, 0, 1, 1, 0, 1, 0, 0, 1, 0.375, 0, 0.4, 0, 0.36363636363636365, 0.36363636363636365, 0.3333333333333333, 0.3333333333333333
100, 0.007629870129870112, 0.3947430229345127, 0.16110573823339794, 9, 1, 0, 1, 1, 0, 1, 0, 1, 0, 0.4, 0, 0.42857142857142855, 0, 0.375, 0.375, 0.36363636363636365, 0.36363636363636365
101, 0.008531746031746043, 0.40980374061769353, 0.21182170542635642, 9, 1, 0, 1, 1, 1, 0, 0, 1, 0, 0.42857142857142855, 0, 0.4444444444444444, 0, 0.4, 0.4, 0.375, 0.375
102, 0.004617604617604604, 0.43002044252044264, 0.18690476190476218, 9, 1, 0, 1, 1, 1, 0, 1, 0, 0, 0.4444444444444444, 0, 0.45454545454545453, 0, 0.42857142857142855, 0.2857142857142856, 0.4, 0.4
103, 0.006493506493506496, 0.46103896103896125, 0.09523809523809508, 9, 1, 0, 1, 1, 1, 0, 1, 0, 1, 0.45454545454545453, 0, 0.5, 0, 0.42857142857142855, 0.2857142857142856
104, 0.005952380952380959, 0.44841269841269776, 0.25793650793650746, 9, 1, 0, 2, 0, 1, 0, 1, 0, 1, 0.5, 0, 0.42857142857142855, 0.42857142857142855, 0.4166666666666667, 0.4166666666666667, 0.42857142857142855, 0.2857142857142856
105, 0.0011904761904761932, 0.41507936507936566, 0.3674603174603179, 9, 1, 0, 2, 0, 1, 0, 1, 0, 0, 0.4166666666666667, 0.4166666666666667, 0.4, 0.4, 0.42857142857142855, 0.2857142857142856
106, 0.003968253968253968, 0.45767195767195723, 0.29100529100529116, 9, 1, 0, 2, 1, 0, 0, 1, 0, 1, 0.5, 0, 0.4444444444444444, 0.4444444444444444, 0.42857142857142855, 0.42857142857142855
107, 0.0025252525252525276, 0.4663299663299666, 0.299663299663299, 9, 1, 0, 2, 1, 0, 1, 0, 0, 1, 0.5, 0, 0.45454545454545453, 0.45454545454545453, 0.4444444444444444, 0.4444444444444444
108, 0.02272727272727272, 0.5000000000000001, 0.2424242424242425, 9, 1, 0, 2, 1, 0, 1, 0, 1, 0, 0.5, 0, 0.5454545454545454, 0, 0.5, 0.5, 0.45454545454545453, 0.45454545454545453
109, 0.0025252525252525415, 0.5336700336700323, 0.16666666666666666, 9, 1, 0, 2, 1, 0, 1, 0, 1, 1, 0.5454545454545454, 0, 0.5555555555555556, 0, 0.5, 0.5
110, 0.003968253968253954, 0.5423280423280411, 0.16666666666666666, 9, 1, 0, 2, 1, 0, 1, 1, 0, 1, 0.5555555555555556, 0, 0.5714285714285714, 0, 0.5, 0.5
111, 0.018253968253968272, 0.553922245226593, 0.25684380032206117, 9, 1, 0, 2, 1, 1, 0, 1, 0, 1, 0.5714285714285714, 0, 0.6, 0, 0.5555555555555556, 0.44444444444444464, 0.5, 0.5
112, 0.00853174603174603, 0.5901962593823069, 0.19798203519133767, 9, 1, 0, 2, 1, 1, 0, 1, 1, 0, 0.6, 0, 0.625, 0, 0.5714285714285714, 0.4285714285714288, 0.5555555555555556, 0.44444444444444464
113, 0.0076298701298701255, 0.6052569770654886, 0.23363728470111508, 9, 1, 0, 2, 1, 1, 1, 0, 1, 0, 0.625, 0, 0.6363636363636364, 0, 0.6, 0.40000000000000036, 0.5714285714285714, 0.4285714285714288
114, 0.006060606060606072, 0.6343434343434341, 0.13333333333333355, 9, 1, 0, 2, 1, 1, 1, 0, 1, 1, 0.6363636363636364, 0, 0.6666666666666666, 0, 0.6, 0.40000000000000036
115, 0.00416666666666668, 0.6305555555555522, 0.25833333333333297, 9, 1, 0, 2, 2, 0, 1, 0, 1, 1, 0.6666666666666666, 0, 0.625, 0.375, 0.6, 0.40000000000000036
116, 0.012500000000000011, 0.6638888888888884, 0.1805555555555553, 9, 1, 0, 2, 2, 0, 1, 1, 0, 1, 0.6666666666666666, 0, 0.7, 0, 0.6666666666666666, 0.3333333333333335, 0.625, 0.375
117, 0.0023809523809523864, 0.6936507936507931, 0.11111111111111144, 9, 1, 0, 2, 2, 0, 1, 1, 1, 0, 0.7, 0, 0.7142857142857143, 0, 0.6666666666666666, 0.3333333333333335
118, 0.004329004329004349, 0.7027417027417042, 0.13492063492063505, 9, 1, 0, 2, 2, 1, 0, 1, 1, 0, 0.7142857142857143, 0, 0.7272727272727273, 0, 0.7142857142857143, 0.14285714285714324, 0.6666666666666666, 0.3333333333333335
119, 0.001623376623376624, 0.7305194805194826, 0.04761904761904772, 9, 1, 0, 2, 2, 1, 0, 1, 1, 1, 0.7272727272727273, 0, 0.75, 0, 0.7142857142857143, 0.14285714285714324
120, 0.0035714285714285865, 0.7214285714285719, 0.1714285714285717, 9, 1, 0, 3, 1, 1, 0, 1, 1, 1, 0.75, 0, 0.7142857142857143, 0.2857142857142865, 0.7, 0.29999999999999893, 0.7142857142857143, 0.14285714285714324
121, 0.0023809523809523447, 0.6936507936507935, 0.25873015873015837, 9, 1, 0, 3, 1, 1, 0, 1, 1, 0, 0.7, 0.29999999999999893, 0.6666666666666666, 0.3333333333333335, 0.7142857142857143, 0.14285714285714324
122, 0.007936507936507936, 0.747354497354496, 0.1369047619047621, 9, 1, 0, 3, 1, 1, 1, 0, 1, 1, 0.75, 0, 0.7777777777777778, 0, 0.75, 0.25, 0.7142857142857143, 0.2857142857142865
123, 0.005555555555555536, 0.7759259259259277, 0.12037037037037021, 9, 1, 0, 3, 1, 1, 1, 1, 0, 1, 0.7777777777777778, 0, 0.8, 0, 0.7777777777777778, 0.22222222222222143, 0.75, 0.25
124, 0.0040404040404040525, 0.798653198653195, 0.10740740740740737, 9, 1, 0, 3, 1, 1, 1, 1, 1, 0, 0.8, 0, 0.8181818181818182, 0, 0.8, 0.20000000000000018, 0.7777777777777778, 0.22222222222222143
125, 0.001515151515151511, 0.8171717171717208, 0.06666666666666651, 9, 1, 0, 3, 1, 1, 1, 1, 1, 1, 0.8181818181818182, 0, 0.8333333333333334, 0, 0.8, 0.20000000000000018
126, 0.004761904761904745, 0.8301587301587303, 0.09444444444444434, 9, 1, 0, 3, 2, 0, 1, 1, 1, 1, 0.8333333333333334, 0, 0.8571428571428571, 0, 0.8333333333333334, 0.16666666666666607, 0.8, 0.20000000000000018
127, 0.0029761904761904795, 0.8551587301587321, 0.0793650793650793, 9, 1, 0, 3, 2, 1, 0, 1, 1, 1, 0.8571428571428571, 0, 0.875, 0, 0.8571428571428571, 0.14285714285714324, 0.8333333333333334, 0.16666666666666607
128, 0.001984126984126977, 0.873677248677251, 0.06845238095238138, 9, 1, 0, 3, 2, 1, 1, 0, 1, 1, 0.875, 0, 0.8888888888888888, 0, 0.875, 0.125, 0.8571428571428571, 0.14285714285714324
129, 0.001388888888888884, 0.8879629629629613, 0.060185185185185, 9, 1, 0, 3, 2, 1, 1, 1, 0, 1, 0.8888888888888888, 0, 0.9, 0, 0.8888888888888888, 0.11111111111111072, 0.875, 0.125
130, 0.0010101010101010027, 0.8993265993266016, 0.0537037037037038, 9, 1, 0, 3, 2, 1, 1, 1, 1, 0, 0.9, 0, 0.9090909090909091, 0, 0.9, 0.09999999999999964, 0.8888888888888888, 0.11111111111111072
131, 0.004545454545454533, 0.9363636363636358, 0.033333333333333194, 9, 1, 0, 3, 2, 1, 1, 1, 1, 1, 0.9090909090909091, 0, 1, 0, 0.9, 0.09999999999999964
132, 0.021428571428571408, 0.9190476190476203, 0.22380952380952343, 9, 1, 1, 2, 2, 1, 1, 1, 1, 1, 1, 0, 0.8571428571428571, 0.5714285714285712, 0.9, 0.09999999999999964
133, 0.006349206349206382, 0.8681216931216924, 0.3789021164021148, 9, 1, 1, 2, 2, 1, 1, 1, 1, 0, 0.8571428571428571, 0.5714285714285712, 0.8333333333333334, 0.6666666666666661, 0.8888888888888888, 0.11111111111111072, 0.9, 0.09999999999999964
134, 0.009722222222222132, 0.8466931216931246, 0.4485449735449738, 9, 1, 1, 2, 2, 1, 1, 1, 0, 1, 0.8333333333333334, 0.6666666666666661, 0.8, 0.8, 0.875, 0.125, 0.8888888888888888, 0.11111111111111072
135, 0.013293650793650802, 0.8246999131327489, 0.4858584063807948, 9, 1, 1, 2, 2, 1, 1, 0, 1, 1, 0.8, 0.8, 0.7777777777777778, 0.7777777777777778, 0.8571428571428571, 0.14285714285714324, 0.875, 0.125
136, 0.015873015873015928, 0.8019179894179876, 0.4804894179894181, 9, 1, 1, 2, 2, 1, 0, 1, 1, 1, 0.7777777777777778, 0.7777777777777778, 0.75, 0.75, 0.8333333333333334, 0.16666666666666607, 0.8571428571428571, 0.14285714285714324
137, 0.008333333333333248, 0.794444444444448, 0.3722222222222231, 9, 1, 1, 2, 2, 0, 1, 1, 1, 1, 0.75, 0.75, 0.8, 0.20000000000000018, 0.8333333333333334, 0.16666666666666607
138, 0.00909090909090915, 0.7590909090909053, 0.5382575757575747, 9, 1, 1, 2, 2, 0, 1, 1, 1, 0, 0.75, 0.75, 0.7272727272727273, 0.7272727272727273, 0.75, 0.5, 0.8, 0.20000000000000018
139, 0.00162337662337661, 0.7305194805194802, 0.6471861471861484, 9, 1, 1, 2, 2, 0, 1, 1, 0, 1, 0.7272727272727273, 0.7272727272727273, 0.7142857142857143, 0.7142857142857143, 0.75, 0.5
140, 0.011507936507936523, 0.7393085203430043, 0.45929574895092184, 9, 1, 1, 2, 1, 1, 1, 1, 0, 1, 0.7142857142857143, 0.7142857142857143, 0.7, 0.7, 0.75, 0.25, 0.7777777777777778, 0.22222222222222143, 0.75, 0.5
141, 0.0027777777777778095, 0.7759259259259277, 0.3074074074074061, 9, 1, 1, 2, 1, 1, 1, 1, 1, 0, 0.7777777777777778, 0.22222222222222143, 0.8, 0.20000000000000018, 0.75, 0.5
142, 0.014285714285714207, 0.7075396825396835, 0.48134920634920786, 9, 1, 1, 2, 1, 1, 1, 0, 1, 1, 0.7, 0.7, 0.6666666666666666, 0.6666666666666666, 0.7142857142857143, 0.2857142857142865, 0.75, 0.25
143, 0.002380952380952428, 0.6936507936507926, 0.4174603174603159, 9, 1, 1, 2, 1, 1, 0, 1, 1, 1, 0.6666666666666666, 0.6666666666666666, 0.7, 0.29999999999999893, 0.7142857142857143, 0.2857142857142865
144, 0.010606060606060605, 0.6676767676767678, 0.48672438672438606, 9, 1, 1, 2, 1, 1, 0, 1, 1, 0, 0.6666666666666666, 0.6666666666666666, 0.6363636363636364, 0.6363636363636364, 0.6666666666666666, 0.3333333333333335, 0.7, 0.29999999999999893
145, 0.0018939393939393923, 0.6426767676767692, 0.5315656565656572, 9, 1, 1, 2, 1, 1, 0, 1, 0, 1, 0.6363636363636364, 0.6363636363636364, 0.625, 0.625, 0.6666666666666666, 0.3333333333333335
146, 0.004166666666666666, 0.6305555555555565, 0.5194444444444447, 9, 1, 1, 2, 1, 0, 1, 1, 0, 1, 0.625, 0.625, 0.6, 0.6, 0.6666666666666666, 0.3333333333333335
147, 0.023809523809523836, 0.8968253968253955, 0.5158730158730149, 9, 1, 1, 3, 1, 1, 1, 1, 1, 1, 1, 0, 0.8571428571428571, 0.8571428571428571, 0.8333333333333334, 0.8333333333333334, 0.8571428571428571, 0.5714285714285712
148, 0.0032467532467532756, 0.8362193362193354, 0.7224627224627221, 9, 1, 1, 3, 1, 1, 1, 1, 1, 0, 0.8333333333333334, 0.8333333333333334, 0.8181818181818182, 0.8181818181818182, 0.8333333333333334, 0.6666666666666661, 0.8571428571428571, 0.5714285714285712
149, 0.001515151515151525, 0.8171717171717194, 0.7616161616161607, 9, 1, 1, 3, 1, 1, 1, 1, 0, 1, 0.8181818181818182, 0.8181818181818182, 0.8, 0.8, 0.8333333333333334, 0.6666666666666661
150, 0.008928571428571452, 0.9107142857142835, 0.5773809523809522, 9, 1, 1, 3, 2, 0, 1, 1, 1, 1, 1, 0, 0.875, 0.875, 0.8571428571428571, 0.8571428571428571
151, 0.00694444444444442, 0.9212962962962973, 0.587962962962964, 9, 1, 1, 3, 2, 1, 0, 1, 1, 1, 1, 0, 0.8888888888888888, 0.8888888888888888, 0.875, 0.875
152, 0.005555555555555591, 0.9296296296296254, 0.5962962962962953, 9, 1, 1, 3, 2, 1, 1, 0, 1, 1, 1, 0, 0.9, 0.9, 0.8888888888888888, 0.8888888888888888
153, 0.004545454545454519, 0.9363636363636428, 0.6030303030303014, 9, 1, 1, 3, 2, 1, 1, 1, 0, 1, 1, 0, 0.9090909090909091, 0.9090909090909091, 0.9, 0.9
154, 0.0037878787878787845, 0.9419191919191823, 0.6085858585858587, 9, 1, 1, 3, 2, 1, 1, 1, 1, 0, 1, 0, 0.9166666666666666, 0.9166666666666666, 0.9090909090909091, 0.9090909090909091
155, 0.041666666666666685, 0.9722222222222228, 0.638888888888889, 9, 1, 1, 3, 2, 1, 1, 1, 1, 1, 1, 0, 1, 1, 0.9166666666666666, 0.9166666666666666
156, 0.004166666666666638, 0.6305555555555552, 0.4361111111111112, 9, 1, 1, 1, 2, 0, 1, 1, 0, 1, 0.6, 0.6, 0.625, 0.375, 0.6666666666666666, 0.3333333333333335
157, 0.004166666666666652, 0.6027777777777797, 0.4861111111111122, 9, 1, 1, 1, 2, 0, 1, 0, 1, 1, 0.6, 0.6, 0.5833333333333334, 0.5833333333333334, 0.6, 0.40000000000000036, 0.625, 0.375
158, 0.001190476190476214, 0.5849206349206338, 0.5182539682539644, 9, 1, 1, 1, 2, 0, 1, 0, 1, 0, 0.5833333333333334, 0.5833333333333334, 0.5714285714285714, 0.5714285714285714, 0.6, 0.40000000000000036
159, 0.0031746031746031633, 0.5756613756613748, 0.4851851851851854, 9, 1, 1, 1, 1, 1, 1, 0, 1, 0, 0.5714285714285714, 0.5714285714285714, 0.5555555555555556, 0.5555555555555556, 0.5714285714285714, 0.4285714285714288, 0.6, 0.40000000000000036
160, 0.0014430014430014265, 0.5574795574795597, 0.4913419913419934, 9, 1, 1, 1, 1, 1, 0, 1, 1, 0, 0.5555555555555556, 0.5555555555555556, 0.5454545454545454, 0.5454545454545454, 0.5555555555555556, 0.44444444444444464, 0.5714285714285714, 0.4285714285714288
161, 0.0025252525252525276, 0.5336700336700325, 0.4966329966329961, 9, 1, 1, 1, 1, 1, 0, 1, 0, 1, 0.5454545454545454, 0.5454545454545454, 0.5, 0.5, 0.5555555555555556, 0.44444444444444464
