nr, area, centroidx, centroidy, numBars, pixPerBar0, ..., pixPerBarN, vertex1x, vertex1y, vertex2x, ...
0, 0.041666666666666664, 0.027777777777777776, 0.36111111111111105, 9, 0, 0, 0, 0, 0, 0, 0, 0, 0, 0, 0, 0.08333333333333333, 0.08333333333333333, 0, 1
1, 0.0037878787878787915, 0.05808080808080805, 0.3914141414141412, 9, 0, 0, 0, 0, 0, 0, 0, 0, 1, 0.08333333333333333, 0.08333333333333333, 0.09090909090909091, 0.09090909090909091, 0, 1
2, 0.004545454545454547, 0.06363636363636367, 0.39696969696969775, 9, 0, 0, 0, 0, 0, 0, 0, 1, 0, 0.09090909090909091, 0.09090909090909091, 0.1, 0.1, 0, 1
3, 0.00555555555555555, 0.07037037037037036, 0.4037037037037035, 9, 0, 0, 0, 0, 0, 0, 1, 0, 0, 0.1, 0.1, 0.1111111111111111, 0.1111111111111111, 0, 1
4, 0.0069444444444444475, 0.07870370370370368, 0.41203703703703703, 9, 0, 0, 0, 0, 0, 1, 0, 0, 0, 0.1111111111111111, 0.1111111111111111, 0.125, 0.125, 0, 1
5, 0.008928571428571425, 0.0892857142857143, 0.42261904761904756, 9, 0, 0, 0, 0, 1, 0, 0, 0, 0, 0.125, 0.125, 0.14285714285714285, 0.14285714285714285, 0, 1
6, 0.011904761904761904, 0.10317460317460318, 0.43650793650793673, 9, 0, 0, 0, 1, 0, 0, 0, 0, 0, 0.14285714285714285, 0.14285714285714285, 0.16666666666666666, 0.16666666666666666, 0, 1
7, 0.011904761904761904, 0.10317460317460322, 0.5317460317460317, 9, 0, 0, 1, 0, 0, 0, 0, 0, 0, 0.16666666666666666, 0.16666666666666666, 0.14285714285714285, 0.4285714285714286, 0, 1
8, 0.003246753246753248, 0.1637806637806638, 0.2775372775372775, 9, 0, 0, 1, 0, 0, 0, 0, 0, 1, 0.16666666666666666, 0.16666666666666666, 0.18181818181818182, 0.18181818181818182, 0.16666666666666666, 0.33333333333333326, 0.14285714285714285, 0.4285714285714286
9, 0.0015151515151515145, 0.1828282828282828, 0.23838383838383817, 9, 0, 0, 1, 0, 0, 0, 0, 1, 0, 0.18181818181818182, 0.18181818181818182, 0.2, 0.2, 0.16666666666666666, 0.33333333333333326
10, 0.011111111111111117, 0.14814814814814814, 0.6, 9, 0, 1, 0, 0, 0, 0, 0, 1, 0, 0.2, 0.2, 0.1111111111111111, 1, 0.1, 1, 0.16666666666666666, 0.33333333333333326
11, 0.007359307359307364, 0.12759528053645697, 0.6657329598506064, 9, 0, 1, 0, 0, 0, 0, 0, 0, 1, 0.1, 1, 0.09090909090909091, 1, 0.14285714285714285, 0.4285714285714286, 0.16666666666666666, 0.33333333333333326
12, 0.02597402597402597, 0.07792207792207792, 0.8095238095238095, 9, 0, 1, 0, 0, 0, 0, 0, 0, 0, 0.09090909090909091, 1, 0, 1, 0.14285714285714285, 0.4285714285714286
13, 0.015277777777777765, 0.168939393939394, 0.5683501683501688, 9, 0, 1, 0, 0, 0, 0, 1, 0, 0, 0.2, 0.2, 0.2222222222222222, 0.2222222222222222, 0.125, 1, 0.1111111111111111, 1
14, 0.018849206349206366, 0.1896755778334725, 0.5828460038986353, 9, 0, 1, 0, 0, 0, 1, 0, 0, 0, 0.2222222222222222, 0.2222222222222222, 0.25, 0.25, 0.14285714285714285, 1, 0.125, 1
15, 0.01309523809523809, 0.19256854256854267, 0.7287878787878788, 9, 0, 1, 0, 0, 1, 0, 0, 0, 0, 0.25, 0.25, 0.2, 0.7999999999999998, 0.16666666666666666, 1, 0.14285714285714285, 1
16, 0.00909090909090908, 0.24090909090909093, 0.4617424242424242, 9, 0, 1, 0, 0, 1, 0, 0, 0, 1, 0.25, 0.25, 0.2727272727272727, 0.2727272727272727, 0.25, 0.5, 0.2, 0.7999999999999998
17, 0.001623376623376624, 0.2694805194805188, 0.3528138528138522, 9, 0, 1, 0, 0, 1, 0, 0, 1, 0, 0.2727272727272727, 0.2727272727272727, 0.2857142857142857, 0.2857142857142857, 0.25, 0.5
18, 0.014285714285714263, 0.2535714285714287, 0.5994047619047621, 9, 0, 1, 0, 1, 0, 0, 0, 1, 0, 0.2857142857142857, 0.2857142857142857, 0.3, 0.3, 0.25, 0.75, 0.2, 1, 0.25, 0.5
19, 0.0068181818181818205, 0.21060606060606085, 0.8111111111111107, 9, 0, 1, 0, 1, 0, 0, 0, 0, 1, 0.2, 1, 0.18181818181818182, 1, 0.2, 0.7999999999999998, 0.25, 0.5
20, 0.001515151515151525, 0.18282828282828215, 0.9333333333333318, 9, 0, 1, 0, 1, 0, 0, 0, 0, 0, 0.18181818181818182, 1, 0.16666666666666666, 1, 0.2, 0.7999999999999998
21, 0.00833333333333336, 0.2944444444444438, 0.46111111111111014, 9, 0, 1, 0, 1, 0, 0, 1, 0, 0, 0.3, 0.3, 0.3333333333333333, 0.3333333333333333, 0.25, 0.75
22, 0.013888888888888881, 0.2685185185185184, 0.7500000000000004, 9, 0, 1, 1, 0, 0, 0, 1, 0, 0, 0.3333333333333333, 0.3333333333333333, 0.25, 1, 0.2222222222222222, 1, 0.25, 0.75
23, 0.002777777777777782, 0.2240740740740737, 0.9166666666666654, 9, 0, 1, 1, 0, 0, 0, 0, 1, 0, 0.2222222222222222, 1, 0.2, 1, 0.25, 0.75
24, 0.005952380952380931, 0.28968253968254093, 0.7301587301587315, 9, 0, 1, 1, 0, 0, 1, 0, 0, 0, 0.3333333333333333, 0.3333333333333333, 0.2857142857142857, 0.8571428571428572, 0.25, 1
25, 0.012987012987012991, 0.3275613275613276, 0.555074555074555, 9, 0, 1, 1, 0, 0, 1, 0, 0, 1, 0.3333333333333333, 0.3333333333333333, 0.36363636363636365, 0.36363636363636365, 0.3333333333333333, 0.6666666666666665, 0.2857142857142857, 0.8571428571428572
26, 0.0018939393939393923, 0.3573232323232308, 0.4684343434343427, 9, 0, 1, 1, 0, 0, 1, 0, 1, 0, 0.36363636363636365, 0.36363636363636365, 0.375, 0.375, 0.3333333333333333, 0.6666666666666665
27, 0.004166666666666666, 0.3694444444444451, 0.4805555555555553, 9, 0, 1, 1, 0, 1, 0, 0, 1, 0, 0.375, 0.375, 0.4, 0.4, 0.3333333333333333, 0.6666666666666665
28, 0.016666666666666705, 0.3444444444444445, 0.7555555555555551, 9, 0, 2, 0, 0, 1, 0, 0, 1, 0, 0.4, 0.4, 0.3333333333333333, 1, 0.3, 1, 0.3333333333333333, 0.6666666666666665
29, 0.0023809523809523725, 0.3063492063492068, 0.8888888888888888, 9, 0, 2, 0, 0, 1, 0, 0, 0, 1, 0.3, 1, 0.2857142857142857, 1, 0.3333333333333333, 0.6666666666666665
30, 0.008333333333333304, 0.383333333333333, 0.6277777777777782, 9, 0, 2, 0, 0, 1, 0, 1, 0, 0, 0.4, 0.4, 0.4166666666666667, 0.4166666666666667, 0.4, 0.5999999999999996, 0.3333333333333333, 1
31, 0.0011904761904761724, 0.4150793650793671, 0.481746031746033, 9, 0, 2, 0, 0, 1, 0, 1, 0, 1, 0.4166666666666667, 0.4166666666666667, 0.42857142857142855, 0.42857142857142855, 0.4, 0.5999999999999996
32, 0.004329004329004335, 0.2972582972582968, 0.865079365079365, 9, 0, 2, 0, 0, 0, 1, 0, 0, 1, 0.2857142857142857, 1, 0.2727272727272727, 1, 0.2857142857142857, 0.8571428571428572, 0.3333333333333333, 0.6666666666666665
33, 0.001623376623376624, 0.26948051948051954, 0.9523809523809516, 9, 0, 2, 0, 0, 0, 1, 0, 0, 0, 0.2727272727272727, 1, 0.25, 1, 0.2857142857142857, 0.8571428571428572
34, 0.01080447330447333, 0.4034388924622647, 0.6924521468761863, 9, 0, 2, 0, 1, 0, 0, 1, 0, 1, 0.42857142857142855, 0.42857142857142855, 0.4444444444444444, 0.4444444444444444, 0.375, 1, 0.36363636363636365, 1, 0.4, 0.5999999999999996
35, 0.006060606060606072, 0.3656565656565652, 0.866666666666666, 9, 0, 2, 0, 1, 0, 0, 1, 0, 0, 0.36363636363636365, 1, 0.3333333333333333, 1, 0.4, 0.5999999999999996
36, 0.00997474747474747, 0.41453671738481845, 0.759578911477646, 9, 0, 2, 0, 1, 0, 1, 0, 0, 1, 0.4444444444444444, 0.4444444444444444, 0.45454545454545453, 0.45454545454545453, 0.4, 1, 0.375, 1
37, 0.013636363636363641, 0.4515151515151521, 0.6515151515151513, 9, 0, 2, 0, 1, 0, 1, 0, 1, 0, 0.45454545454545453, 0.45454545454545453, 0.5, 0.5, 0.4, 1
38, 0.0071428571428571175, 0.4428571428571433, 0.8333333333333346, 9, 0, 2, 1, 0, 0, 1, 0, 1, 0, 0.5, 0.5, 0.42857142857142855, 1, 0.4, 1
39, 0.003968253968253982, 0.4576719576719557, 0.8333333333333321, 9, 0, 2, 1, 0, 1, 0, 0, 1, 0, 0.5, 0.5, 0.4444444444444444, 1, 0.42857142857142855, 1
40, 0.0025252525252525138, 0.4663299663299655, 0.8333333333333351, 9, 0, 2, 1, 0, 1, 0, 1, 0, 0, 0.5, 0.5, 0.45454545454545453, 1, 0.4444444444444444, 1
41, 0.022727272727272735, 0.5000000000000002, 0.757575757575758, 9, 0, 2, 1, 0, 1, 0, 1, 0, 1, 0.5, 0.5, 0.5454545454545454, 0.5454545454545454, 0.5, 1, 0.45454545454545453, 1
42, 0.0025252525252525415, 0.5336700336700323, 0.7003367003366989, 9, 0, 2, 1, 0, 1, 0, 1, 1, 0, 0.5454545454545454, 0.5454545454545454, 0.5555555555555556, 0.5555555555555556, 0.5, 1
43, 0.003968253968253954, 0.5423280423280411, 0.7089947089947078, 9, 0, 2, 1, 0, 1, 1, 0, 1, 0, 0.5555555555555556, 0.5555555555555556, 0.5714285714285714, 0.5714285714285714, 0.5, 1
44, 0.005952380952380959, 0.5515873015873014, 0.7420634920634935, 9, 0, 2, 1, 1, 0, 1, 0, 1, 0, 0.5714285714285714, 0.5714285714285714, 0.5833333333333334, 0.5833333333333334, 0.5714285714285714, 0.7142857142857144, 0.5, 1
45, 0.001190476190476214, 0.58492063492063, 0.6325396825396778, 9, 0, 2, 1, 1, 0, 1, 0, 1, 1, 0.5833333333333334, 0.5833333333333334, 0.6, 0.6, 0.5714285714285714, 0.7142857142857144
46, 0.004617604617604604, 0.5699795574795584, 0.8130952380952413, 9, 0, 3, 0, 1, 0, 1, 0, 1, 1, 0.6, 0.6, 0.5555555555555556, 1, 0.5454545454545454, 1, 0.5714285714285714, 0.7142857142857144
47, 0.006493506493506496, 0.5389610389610384, 0.9047619047619045, 9, 0, 3, 0, 1, 0, 1, 0, 1, 0, 0.5454545454545454, 1, 0.5, 1, 0.5714285714285714, 0.7142857142857144
48, 0.00853174603174603, 0.5901962593823069, 0.7881782945736422, 9, 0, 3, 0, 1, 0, 1, 1, 0, 1, 0.6, 0.6, 0.625, 0.625, 0.5714285714285714, 1, 0.5555555555555556, 1
49, 0.0076298701298701255, 0.6052569770654874, 0.8388942617666022, 9, 0, 3, 0, 1, 1, 0, 1, 0, 1, 0.625, 0.625, 0.6363636363636364, 0.6363636363636364, 0.6, 1, 0.5714285714285714, 1
50, 0.006060606060606044, 0.6343434343434339, 0.7676767676767685, 9, 0, 3, 0, 1, 1, 0, 1, 1, 0, 0.6363636363636364, 0.6363636363636364, 0.6666666666666666, 0.6666666666666666, 0.6, 1
51, 0.00416666666666668, 0.6305555555555544, 0.8888888888888874, 9, 0, 3, 1, 0, 1, 0, 1, 1, 0, 0.6666666666666666, 0.6666666666666666, 0.625, 1, 0.6, 1
52, 0.0018939393939393923, 0.6426767676767692, 0.8888888888888905, 9, 0, 3, 1, 0, 1, 1, 0, 1, 0, 0.6666666666666666, 0.6666666666666666, 0.6363636363636364, 1, 0.625, 1
53, 0.010606060606060591, 0.6676767676767686, 0.836507936507937, 9, 0, 3, 1, 0, 1, 1, 0, 1, 1, 0.6666666666666666, 0.6666666666666666, 0.7, 0.7, 0.6666666666666666, 1, 0.6363636363636364, 1
54, 0.0023809523809524002, 0.6936507936507929, 0.8047619047619066, 9, 0, 3, 1, 0, 1, 1, 1, 0, 1, 0.7, 0.7, 0.7142857142857143, 0.7142857142857143, 0.6666666666666666, 1
55, 0.0067099567099567214, 0.6995158962900893, 0.8783689428850698, 9, 0, 3, 1, 1, 0, 1, 1, 0, 1, 0.7142857142857143, 0.7142857142857143, 0.7272727272727273, 0.7272727272727273, 0.7, 1, 0.6666666666666666, 1
56, 0.0051948051948051965, 0.7242694805194816, 0.8570075757575758, 9, 0, 3, 1, 1, 0, 1, 1, 1, 0, 0.7272727272727273, 0.7272727272727273, 0.75, 0.75, 0.7142857142857143, 1, 0.7, 1
57, 0.0016233766233766378, 0.7305194805194792, 0.9166666666666666, 9, 0, 3, 1, 1, 1, 0, 1, 1, 0, 0.75, 0.75, 0.7272727272727273, 1, 0.7142857142857143, 1
58, 0.0063131313131312705, 0.7516835016835022, 0.8759259259259269, 9, 0, 3, 1, 1, 1, 0, 1, 1, 1, 0.75, 0.75, 0.7777777777777778, 0.7777777777777778, 0.75, 1, 0.7272727272727273, 1
59, 0.002777777777777768, 0.7759259259259293, 0.8592592592592626, 9, 0, 3, 1, 1, 1, 1, 0, 1, 1, 0.7777777777777778, 0.7777777777777778, 0.8, 0.8, 0.75, 1
60, 0.0027777777777778234, 0.7759259259259238, 0.9333333333333274, 9, 0, 4, 0, 1, 1, 1, 0, 1, 1, 0.8, 0.8, 0.7777777777777778, 1, 0.75, 1
61, 0.004040404040404011, 0.7986531986531986, 0.9060606060606086, 9, 0, 4, 0, 1, 1, 1, 1, 0, 1, 0.8, 0.8, 0.8181818181818182, 0.8181818181818182, 0.8, 1, 0.7777777777777778, 1
62, 0.001515151515151525, 0.8171717171717133, 0.8838383838383861, 9, 0, 4, 0, 1, 1, 1, 1, 1, 0, 0.8181818181818182, 0.8181818181818182, 0.8333333333333334, 0.8333333333333334, 0.8, 1
63, 0.001515151515151525, 0.8171717171717194, 0.9444444444444383, 9, 0, 4, 1, 0, 1, 1, 1, 1, 0, 0.8333333333333334, 0.8333333333333334, 0.8181818181818182, 1, 0.8, 1
64, 0.00324675324675322, 0.8362193362193384, 0.9153439153439189, 9, 0, 4, 1, 0, 1, 1, 1, 1, 1, 0.8333333333333334, 0.8333333333333334, 0.8571428571428571, 0.8571428571428571, 0.8333333333333334, 1, 0.8181818181818182, 1
65, 0.0029761904761904656, 0.8551587301587315, 0.9345238095238086, 9, 0, 4, 1, 1, 0, 1, 1, 1, 1, 0.8571428571428571, 0.8571428571428571, 0.875, 0.875, 0.8571428571428571, 1, 0.8333333333333334, 1
66, 0.0019841269841270326, 0.8736772486772406, 0.942129629629623, 9, 0, 4, 1, 1, 1, 0, 1, 1, 1, 0.875, 0.875, 0.8888888888888888, 0.8888888888888888, 0.875, 1, 0.8571428571428571, 1
67, 0.001388888888888884, 0.8879629629629613, 0.948148148148148, 9, 0, 4, 1, 1, 1, 1, 0, 1, 1, 0.8888888888888888, 0.8888888888888888, 0.9, 0.9, 0.8888888888888888, 1, 0.875, 1
68, 0.0010101010101010166, 0.8993265993265984, 0.9530303030303026, 9, 0, 4, 1, 1, 1, 1, 1, 0, 1, 0.9, 0.9, 0.9090909090909091, 0.9090909090909091, 0.9, 1, 0.8888888888888888, 1
69, 0.0007575757575757347, 0.9085858585858655, 0.9570707070707152, 9, 0, 4, 1, 1, 1, 1, 1, 1, 0, 0.9090909090909091, 0.9090909090909091, 0.9166666666666666, 0.9166666666666666, 0.9090909090909091, 1, 0.9, 1
70, 0.0037878787878787845, 0.9419191919191933, 0.9722222222222227, 9, 0, 4, 1, 1, 1, 1, 1, 1, 1, 0.9166666666666666, 0.9166666666666666, 1, 1, 0.9090909090909091, 1
71, 0.003787878787878788, 0.05808080808080809, 0.027777777777777776, 9, 1, 0, 0, 0, 0, 0, 0, 0, 0, 0, 0, 0.09090909090909091, 0, 0.08333333333333333, 0.08333333333333333
72, 0.0007575757575757581, 0.0914141414141414, 0.04292929292929293, 9, 1, 0, 0, 0, 0, 0, 0, 0, 1, 0.09090909090909091, 0, 0.1, 0, 0.09090909090909091, 0.09090909090909091, 0.08333333333333333, 0.08333333333333333
73, 0.0010101010101010097, 0.10067340067340065, 0.046969696969696974, 9, 1, 0, 0, 0, 0, 0, 0, 1, 0, 0.1, 0, 0.1111111111111111, 0, 0.1, 0.1, 0.09090909090909091, 0.09090909090909091
74, 0.0013888888888888883, 0.11203703703703706, 0.051851851851851864, 9, 1, 0, 0, 0, 0, 0, 1, 0, 0, 0.1111111111111111, 0, 0.125, 0, 0.1111111111111111, 0.1111111111111111, 0.1, 0.1
75, 0.001984126984126984, 0.12632275132275128, 0.05787037037037037, 9, 1, 0, 0, 0, 0, 1, 0, 0, 0, 0.125, 0, 0.14285714285714285, 0, 0.125, 0.125, 0.1111111111111111, 0.1111111111111111
76, 0.002976190476190476, 0.1448412698412699, 0.06547619047619045, 9, 1, 0, 0, 0, 1, 0, 0, 0, 0, 0.14285714285714285, 0, 0.16666666666666666, 0, 0.14285714285714285, 0.14285714285714285, 0.125, 0.125
77, 0.003246753246753248, 0.1637806637806638, 0.08465608465608464, 9, 1, 0, 0, 1, 0, 0, 0, 0, 0, 0.16666666666666666, 0, 0.18181818181818182, 0, 0.16666666666666666, 0.16666666666666666, 0.14285714285714285, 0.14285714285714285
78, 0.0015151515151515145, 0.1828282828282828, 0.05555555555555555, 9, 1, 0, 0, 1, 0, 0, 0, 0, 1, 0.18181818181818182, 0, 0.2, 0, 0.16666666666666666, 0.16666666666666666
79, 0.001515151515151518, 0.18282828282828278, 0.11616161616161609, 9, 1, 0, 1, 0, 0, 0, 0, 0, 1, 0.2, 0, 0.18181818181818182, 0.18181818181818182, 0.16666666666666666, 0.16666666666666666
80, 0.004040404040404039, 0.2013468013468013, 0.09393939393939395, 9, 1, 0, 1, 0, 0, 0, 0, 1, 0, 0.2, 0, 0.2222222222222222, 0, 0.2, 0.2, 0.18181818181818182, 0.18181818181818182
81, 0.0027777777777777783, 0.2240740740740742, 0.06666666666666678, 9, 1, 0, 1, 0, 0, 0, 1, 0, 0, 0.2222222222222222, 0, 0.25, 0, 0.2, 0.2
82, 0.002777777777777775, 0.22407407407407406, 0.14074074074074072, 9, 1, 1, 0, 0, 0, 0, 1, 0, 0, 0.25, 0, 0.2222222222222222, 0.2222222222222222, 0.2, 0.2
83, 0.006313131313131312, 0.24831649831649838, 0.12407407407407407, 9, 1, 1, 0, 0, 0, 1, 0, 0, 0, 0.25, 0, 0.2727272727272727, 0, 0.25, 0.25, 0.2222222222222222, 0.2222222222222222
84, 0.001623376623376624, 0.2694805194805188, 0.08333333333333333, 9, 1, 1, 0, 0, 0, 1, 0, 0, 1, 0.2727272727272727, 0, 0.2857142857142857, 0, 0.25, 0.25
85, 0.00519480519480519, 0.27573051948051963, 0.14299242424242428, 9, 1, 1, 0, 0, 1, 0, 0, 0, 1, 0.2857142857142857, 0, 0.3, 0, 0.2727272727272727, 0.2727272727272727, 0.25, 0.25
86, 0.0067099567099567145, 0.3004841037099102, 0.121631057114928, 9, 1, 1, 0, 0, 1, 0, 0, 1, 0, 0.3, 0, 0.3333333333333333, 0, 0.2857142857142857, 0.2857142857142857, 0.2727272727272727, 0.2727272727272727
87, 0.0023809523809523794, 0.3063492063492059, 0.19523809523809535, 9, 1, 1, 0, 1, 0, 0, 0, 1, 0, 0.3333333333333333, 0, 0.3, 0.3, 0.2857142857142857, 0.2857142857142857
88, 0.010606060606060612, 0.33232323232323246, 0.1634920634920634, 9, 1, 1, 0, 1, 0, 0, 1, 0, 0, 0.3333333333333333, 0, 0.36363636363636365, 0, 0.3333333333333333, 0.3333333333333333, 0.3, 0.3
89, 0.0018939393939393923, 0.3573232323232308, 0.11111111111111131, 9, 1, 1, 0, 1, 0, 0, 1, 0, 1, 0.36363636363636365, 0, 0.375, 0, 0.3333333333333333, 0.3333333333333333
90, 0.004166666666666666, 0.3694444444444451, 0.11111111111111102, 9, 1, 1, 0, 1, 0, 1, 0, 0, 1, 0.375, 0, 0.4, 0, 0.3333333333333333, 0.3333333333333333
91, 0.006060606060606072, 0.36565656565656557, 0.23232323232323218, 9, 1, 1, 1, 0, 0, 1, 0, 0, 1, 0.4, 0, 0.36363636363636365, 0.36363636363636365, 0.3333333333333333, 0.3333333333333333
92, 0.007629870129870112, 0.3947430229345127, 0.16110573823339794, 9, 1, 1, 1, 0, 0, 1, 0, 1, 0, 0.4, 0, 0.42857142857142855, 0, 0.375, 0.375, 0.36363636363636365, 0.36363636363636365
93, 0.008531746031746043, 0.40980374061769353, 0.21182170542635642, 9, 1, 1, 1, 0, 1, 0, 0, 1, 0, 0.42857142857142855, 0, 0.4444444444444444, 0, 0.4, 0.4, 0.375, 0.375
94, 0.004617604617604604, 0.43002044252044264, 0.18690476190476218, 9, 1, 1, 1, 0, 1, 0, 1, 0, 0, 0.4444444444444444, 0, 0.45454545454545453, 0, 0.42857142857142855, 0.2857142857142856, 0.4, 0.4
95, 0.006493506493506496, 0.46103896103896125, 0.09523809523809508, 9, 1, 1, 1, 0, 1, 0, 1, 0, 1, 0.45454545454545453, 0, 0.5, 0, 0.42857142857142855, 0.2857142857142856
96, 0.005952380952380959, 0.44841269841269776, 0.25793650793650746, 9, 1, 2, 0, 0, 1, 0, 1, 0, 1, 0.5, 0, 0.42857142857142855, 0.42857142857142855, 0.4166666666666667, 0.4166666666666667, 0.42857142857142855, 0.2857142857142856
97, 0.0011904761904761932, 0.41507936507936566, 0.3674603174603179, 9, 1, 2, 0, 0, 1, 0, 1, 0, 0, 0.4166666666666667, 0.4166666666666667, 0.4, 0.4, 0.42857142857142855, 0.2857142857142856
98, 0.003968253968253968, 0.45767195767195723, 0.29100529100529116, 9, 1, 2, 0, 1, 0, 0, 1, 0, 1, 0.5, 0, 0.4444444444444444, 0.4444444444444444, 0.42857142857142855, 0.42857142857142855
99, 0.0025252525252525276, 0.4663299663299666, 0.299663299663299, 9, 1, 2, 0, 1, 0, 1, 0, 0, 1, 0.5, 0, 0.45454545454545453, 0.45454545454545453, 0.4444444444444444, 0.4444444444444444
100, 0.02272727272727272, 0.5000000000000001, 0.2424242424242425, 9, 1, 2, 0, 1, 0, 1, 0, 1, 0, 0.5, 0, 0.5454545454545454, 0, 0.5, 0.5, 0.45454545454545453, 0.45454545454545453
101, 0.0025252525252525415, 0.5336700336700323, 0.16666666666666666, 9, 1, 2, 0, 1, 0, 1, 0, 1, 1, 0.5454545454545454, 0, 0.5555555555555556, 0, 0.5, 0.5
102, 0.003968253968253954, 0.5423280423280411, 0.16666666666666666, 9, 1, 2, 0, 1, 0, 1, 1, 0, 1, 0.5555555555555556, 0, 0.5714285714285714, 0, 0.5, 0.5
103, 0.007142857142857145, 0.5571428571428585, 0.16666666666666666, 9, 1, 2, 0, 1, 1, 0, 1, 0, 1, 0.5714285714285714, 0, 0.6, 0, 0.5, 0.5
104, 0.013636363636363613, 0.5484848484848484, 0.34848484848484873, 9, 1, 2, 1, 0, 1, 0, 1, 0, 1, 0.6, 0, 0.5454545454545454, 0.5454545454545454, 0.5, 0.5
105, 0.009974747474747497, 0.5854632826151809, 0.2404210885223543, 9, 1, 2, 1, 0, 1, 0, 1, 1, 0, 0.6, 0, 0.625, 0, 0.5555555555555556, 0.5555555555555556, 0.5454545454545454, 0.5454545454545454
106, 0.010804473304473261, 0.5965611075377351, 0.30754785312381333, 9, 1, 2, 1, 0, 1, 1, 0, 1, 0, 0.625, 0, 0.6363636363636364, 0, 0.6, 0.39999999999999947, 0.5714285714285714, 0.5714285714285714, 0.5555555555555556, 0.5555555555555556
107, 0.006060606060606044, 0.6343434343434354, 0.13333333333333303, 9, 1, 2, 1, 0, 1, 1, 0, 1, 1, 0.6363636363636364, 0, 0.6666666666666666, 0, 0.6, 0.39999999999999947
108, 0.00833333333333336, 0.6166666666666657, 0.37222222222222123, 9, 1, 2, 1, 1, 0, 1, 0, 1, 1, 0.6666666666666666, 0, 0.6, 0.6, 0.5833333333333334, 0.5833333333333334, 0.6, 0.39999999999999947
109, 0.0011904761904762279, 0.5849206349206347, 0.5182539682539623, 9, 1, 2, 1, 1, 0, 1, 0, 1, 0, 0.5833333333333334, 0.5833333333333334, 0.5714285714285714, 0.5714285714285714, 0.6, 0.39999999999999947
110, 0.016666666666666635, 0.6555555555555571, 0.24444444444444455, 9, 1, 2, 1, 1, 0, 1, 1, 0, 1, 0.6666666666666666, 0, 0.7, 0, 0.6666666666666666, 0.33333333333333304, 0.6, 0.6
111, 0.0023809523809523864, 0.6936507936507931, 0.11111111111111047, 9, 1, 2, 1, 1, 0, 1, 1, 1, 0, 0.7, 0, 0.7142857142857143, 0, 0.6666666666666666, 0.33333333333333304
112, 0.004329004329004349, 0.702741702741702, 0.13492063492063505, 9, 1, 2, 1, 1, 1, 0, 1, 1, 0, 0.7142857142857143, 0, 0.7272727272727273, 0, 0.7142857142857143, 0.14285714285714324, 0.6666666666666666, 0.33333333333333304
113, 0.001623376623376624, 0.7305194805194826, 0.04761904761904772, 9, 1, 2, 1, 1, 1, 0, 1, 1, 1, 0.7272727272727273, 0, 0.75, 0, 0.7142857142857143, 0.14285714285714324
114, 0.005952380952380931, 0.7103174603174591, 0.2698412698412698, 9, 1, 3, 0, 1, 1, 0, 1, 1, 1, 0.75, 0, 0.6666666666666666, 0.6666666666666666, 0.7142857142857143, 0.14285714285714324
115, 0.012987012987013019, 0.6724386724386717, 0.44492544492544434, 9, 1, 3, 0, 1, 1, 0, 1, 1, 0, 0.6666666666666666, 0.6666666666666666, 0.6363636363636364, 0.6363636363636364, 0.6666666666666666, 0.33333333333333304, 0.7142857142857143, 0.14285714285714324
116, 0.0018939393939393923, 0.6426767676767692, 0.5315656565656572, 9, 1, 3, 0, 1, 1, 0, 1, 0, 1, 0.6363636363636364, 0.6363636363636364, 0.625, 0.625, 0.6666666666666666, 0.33333333333333304
117, 0.013888888888888895, 0.7314814814814824, 0.25000000000000033, 9, 1, 3, 0, 1, 1, 1, 0, 1, 1, 0.75, 0, 0.7777777777777778, 0, 0.75, 0.25, 0.6666666666666666, 0.6666666666666666
118, 0.002777777777777782, 0.7759259259259288, 0.08333333333333333, 9, 1, 3, 0, 1, 1, 1, 1, 0, 1, 0.7777777777777778, 0, 0.8, 0, 0.75, 0.25
119, 0.004166666666666666, 0.6305555555555543, 0.5194444444444447, 9, 1, 3, 0, 1, 0, 1, 1, 0, 1, 0.625, 0.625, 0.6, 0.6, 0.6666666666666666, 0.33333333333333304
120, 0.01428571428571429, 0.7464285714285743, 0.40059523809523906, 9, 1, 3, 1, 0, 1, 1, 1, 0, 1, 0.8, 0, 0.75, 0.5, 0.7142857142857143, 0.7142857142857143, 0.7, 0.7, 0.75, 0.25
121, 0.006818181818181779, 0.7893939393939408, 0.18888888888888916, 9, 1, 3, 1, 0, 1, 1, 1, 1, 0, 0.8, 0, 0.8181818181818182, 0, 0.8, 0.1999999999999993, 0.75, 0.5
122, 0.001515151515151511, 0.8171717171717147, 0.06666666666666651, 9, 1, 3, 1, 0, 1, 1, 1, 1, 1, 0.8181818181818182, 0, 0.8333333333333334, 0, 0.8, 0.1999999999999993
123, 0.008333333333333276, 0.7055555555555575, 0.5388888888888902, 9, 1, 3, 1, 0, 1, 1, 0, 1, 1, 0.7, 0.7, 0.6666666666666666, 0.6666666666666666, 0.75, 0.25
124, 0.013095238095238049, 0.8074314574314599, 0.2712121212121212, 9, 1, 3, 1, 1, 0, 1, 1, 1, 1, 0.8333333333333334, 0, 0.8571428571428571, 0, 0.75, 0.75, 0.8, 0.1999999999999993
125, 0.00909090909090915, 0.7590909090909074, 0.5382575757575737, 9, 1, 3, 1, 1, 0, 1, 1, 1, 0, 0.75, 0.75, 0.7272727272727273, 0.7272727272727273, 0.75, 0.5, 0.8, 0.1999999999999993
126, 0.00162337662337661, 0.7305194805194802, 0.6471861471861484, 9, 1, 3, 1, 1, 0, 1, 1, 0, 1, 0.7272727272727273, 0.7272727272727273, 0.7142857142857143, 0.7142857142857143, 0.75, 0.5
127, 0.018849206349206393, 0.8103244221665261, 0.4171539961013641, 9, 1, 3, 1, 1, 1, 0, 1, 1, 1, 0.8571428571428571, 0, 0.875, 0, 0.7777777777777778, 0.7777777777777778, 0.75, 0.75
128, 0.015277777777777779, 0.8310606060606051, 0.4316498316498314, 9, 1, 3, 1, 1, 1, 1, 0, 1, 1, 0.875, 0, 0.8888888888888888, 0, 0.8, 0.8, 0.7777777777777778, 0.7777777777777778
129, 0.011111111111111127, 0.8518518518518491, 0.40000000000000036, 9, 1, 3, 1, 1, 1, 1, 1, 0, 1, 0.8888888888888888, 0, 0.9, 0, 0.8333333333333334, 0.6666666666666661, 0.8, 0.8
130, 0.007359307359307288, 0.8724047194635428, 0.33426704014939235, 9, 1, 3, 1, 1, 1, 1, 1, 1, 0, 0.9, 0, 0.9090909090909091, 0, 0.8571428571428571, 0.5714285714285712, 0.8333333333333334, 0.6666666666666661
131, 0.025974025974025983, 0.9220779220779225, 0.19047619047619016, 9, 1, 3, 1, 1, 1, 1, 1, 1, 1, 0.9090909090909091, 0, 1, 0, 0.8571428571428571, 0.5714285714285712
132, 0.011904761904761973, 0.8968253968253929, 0.4682539682539671, 9, 1, 4, 0, 1, 1, 1, 1, 1, 1, 1, 0, 0.8333333333333334, 0.8333333333333334, 0.8571428571428571, 0.5714285714285712
133, 0.0032467532467532756, 0.8362193362193354, 0.7224627224627221, 9, 1, 4, 0, 1, 1, 1, 1, 1, 0, 0.8333333333333334, 0.8333333333333334, 0.8181818181818182, 0.8181818181818182, 0.8333333333333334, 0.6666666666666661, 0.8571428571428571, 0.5714285714285712
134, 0.001515151515151525, 0.8171717171717194, 0.7616161616161607, 9, 1, 4, 0, 1, 1, 1, 1, 0, 1, 0.8181818181818182, 0.8181818181818182, 0.8, 0.8, 0.8333333333333334, 0.6666666666666661
135, 0.011904761904761862, 0.8968253968253982, 0.5634920634920633, 9, 1, 4, 1, 0, 1, 1, 1, 1, 1, 1, 0, 0.8571428571428571, 0.8571428571428571, 0.8333333333333334, 0.8333333333333334
136, 0.008928571428571452, 0.9107142857142835, 0.5773809523809522, 9, 1, 4, 1, 1, 0, 1, 1, 1, 1, 1, 0, 0.875, 0.875, 0.8571428571428571, 0.8571428571428571
137, 0.00694444444444442, 0.9212962962962973, 0.587962962962964, 9, 1, 4, 1, 1, 1, 0, 1, 1, 1, 1, 0, 0.8888888888888888, 0.8888888888888888, 0.875, 0.875
138, 0.005555555555555591, 0.9296296296296254, 0.5962962962962953, 9, 1, 4, 1, 1, 1, 1, 0, 1, 1, 1, 0, 0.9, 0.9, 0.8888888888888888, 0.8888888888888888
139, 0.004545454545454519, 0.9363636363636428, 0.6030303030303014, 9, 1, 4, 1, 1, 1, 1, 1, 0, 1, 1, 0, 0.9090909090909091, 0.9090909090909091, 0.9, 0.9
140, 0.0037878787878787845, 0.9419191919191823, 0.6085858585858587, 9, 1, 4, 1, 1, 1, 1, 1, 1, 0, 1, 0, 0.9166666666666666, 0.9166666666666666, 0.9090909090909091, 0.9090909090909091
141, 0.041666666666666685, 0.9722222222222228, 0.638888888888889, 9, 1, 4, 1, 1, 1, 1, 1, 1, 1, 1, 0, 1, 1, 0.9166666666666666, 0.9166666666666666
