nr, area, centroidx, centroidy, numBars, pixPerBar0, ..., pixPerBarN, vertex1x, vertex1y, vertex2x, ...
0, 0.05555555555555555, 0.037037037037037035, 0.37037037037037035, 6, 0, 0, 0, 0, 0, 0, 0, 0, 0.1111111111111111, 0.1111111111111111, 0, 1
1, 0.0069444444444444475, 0.07870370370370368, 0.41203703703703703, 6, 0, 0, 0, 0, 0, 1, 0.1111111111111111, 0.1111111111111111, 0.125, 0.125, 0, 1
2, 0.037500000000000006, 0.10833333333333335, 0.44166666666666654, 6, 0, 0, 0, 0, 1, 0, 0.125, 0.125, 0.2, 0.2, 0, 1
3, 0.03888888888888889, 0.1328042328042328, 0.5851851851851853, 6, 0, 0, 0, 1, 0, 0, 0.2, 0.2, 0.2222222222222222, 0.2222222222222222, 0.16666666666666666, 0.6666666666666667, 0, 1
4, 0.011111111111111113, 0.2101851851851854, 0.4268518518518521, 6, 0, 0, 0, 1, 0, 1, 0.2222222222222222, 0.2222222222222222, 0.25, 0.25, 0.2, 0.6000000000000001, 0.16666666666666666, 0.6666666666666667
5, 0.01666666666666667, 0.26111111111111107, 0.39444444444444443, 6, 0, 0, 0, 1, 1, 0, 0.25, 0.25, 0.3333333333333333, 0.3333333333333333, 0.2, 0.6000000000000001
6, 0.030952380952380926, 0.2516483516483519, 0.6133089133089137, 6, 0, 0, 1, 0, 1, 0, 0.3333333333333333, 0.3333333333333333, 0.2857142857142857, 0.7142857142857144, 0.16666666666666666, 0.8333333333333333, 0.2, 0.6000000000000001
7, 0.01488095238095237, 0.33134920634920634, 0.5186507936507943, 6, 0, 0, 1, 0, 1, 1, 0.3333333333333333, 0.3333333333333333, 0.375, 0.375, 0.3333333333333333, 0.6666666666666667, 0.2857142857142857, 0.7142857142857144
8, 0.0041666666666666935, 0.3694444444444443, 0.4805555555555554, 6, 0, 0, 1, 0, 2, 0, 0.375, 0.375, 0.4, 0.4, 0.3333333333333333, 0.6666666666666667
9, 0.004761904761904759, 0.1698412698412699, 0.7357142857142853, 6, 0, 0, 1, 0, 0, 1, 0.16666666666666666, 0.8333333333333333, 0.14285714285714285, 0.8571428571428572, 0.16666666666666666, 0.6666666666666667, 0.2, 0.6000000000000001
10, 0.011904761904761897, 0.10317460317460317, 0.8412698412698417, 6, 0, 0, 1, 0, 0, 0, 0.14285714285714285, 0.8571428571428572, 0, 1, 0.16666666666666666, 0.6666666666666667
11, 0.012698412698412723, 0.3965608465608461, 0.5275132275132272, 6, 0, 0, 1, 1, 1, 0, 0.4, 0.4, 0.4444444444444444, 0.4444444444444444, 0.42857142857142855, 0.5714285714285716, 0.3333333333333333, 0.6666666666666667
12, 0.003968253968253968, 0.4576719576719581, 0.5052910052910057, 6, 0, 0, 1, 1, 1, 1, 0.4444444444444444, 0.4444444444444444, 0.5, 0.5, 0.42857142857142855, 0.5714285714285716
13, 0.02678571428571426, 0.43452380952380976, 0.7619047619047619, 6, 0, 1, 0, 1, 1, 1, 0.5, 0.5, 0.42857142857142855, 1, 0.375, 1, 0.42857142857142855, 0.5714285714285716
14, 0.03273809523809522, 0.3573232323232323, 0.810966810966811, 6, 0, 1, 0, 1, 1, 0, 0.375, 1, 0.2857142857142857, 1, 0.3333333333333333, 0.6666666666666667, 0.42857142857142855, 0.5714285714285716
15, 0.03174603174603177, 0.49470899470899443, 0.7685185185185184, 6, 0, 1, 0, 1, 2, 0, 0.5, 0.5, 0.5555555555555556, 0.5555555555555556, 0.5, 1, 0.42857142857142855, 1
16, 0.0111111111111111, 0.5518518518518523, 0.7185185185185186, 6, 0, 1, 0, 1, 2, 1, 0.5555555555555556, 0.5555555555555556, 0.6, 0.6, 0.5, 1
17, 0.005952380952380945, 0.2896825396825406, 0.8888888888888892, 6, 0, 1, 0, 1, 0, 1, 0.2857142857142857, 1, 0.25, 1, 0.3333333333333333, 0.6666666666666667
18, 0.012500000000000039, 0.5750000000000001, 0.7750000000000004, 6, 0, 1, 0, 2, 1, 1, 0.6, 0.6, 0.625, 0.625, 0.6, 0.8000000000000007, 0.5, 1
19, 0.00416666666666668, 0.6305555555555544, 0.6972222222222213, 6, 0, 1, 0, 2, 2, 0, 0.625, 0.625, 0.6666666666666666, 0.6666666666666666, 0.6, 0.8000000000000007
20, 0.005952380952380945, 0.28968253968253904, 0.7936507936507945, 6, 0, 1, 0, 0, 1, 1, 0.25, 1, 0.2857142857142857, 0.7142857142857144, 0.3333333333333333, 0.6666666666666667
21, 0.023809523809523815, 0.21626984126984125, 0.8849206349206347, 6, 0, 1, 0, 0, 1, 0, 0.25, 1, 0.14285714285714285, 1, 0.16666666666666666, 0.8333333333333333, 0.2857142857142857, 0.7142857142857144
22, 0.0029761904761904795, 0.14484126984126977, 0.9206349206349201, 6, 0, 1, 0, 0, 0, 1, 0.14285714285714285, 1, 0.125, 1, 0.14285714285714285, 0.8571428571428572, 0.16666666666666666, 0.8333333333333333
23, 0.008928571428571425, 0.08928571428571426, 0.952380952380952, 6, 0, 1, 0, 0, 0, 0, 0.125, 1, 0, 1, 0.14285714285714285, 0.8571428571428572
24, 0.01369047619047617, 0.618133195307108, 0.8657004830917876, 6, 0, 1, 1, 1, 2, 0, 0.6666666666666666, 0.6666666666666666, 0.625, 1, 0.5714285714285714, 1, 0.6, 0.8000000000000007
25, 0.0267857142857143, 0.6871693121693123, 0.8518518518518517, 6, 0, 1, 1, 1, 2, 1, 0.6666666666666666, 0.6666666666666666, 0.75, 0.75, 0.7142857142857143, 1, 0.625, 1
26, 0.007936507936507908, 0.7473544973544974, 0.8842592592592602, 6, 0, 1, 1, 1, 3, 0, 0.75, 0.75, 0.7777777777777778, 0.7777777777777778, 0.75, 1, 0.7142857142857143, 1
27, 0.002777777777777768, 0.7759259259259293, 0.8592592592592626, 6, 0, 1, 1, 1, 3, 1, 0.7777777777777778, 0.7777777777777778, 0.8, 0.8, 0.75, 1
28, 0.0071428571428571175, 0.5571428571428554, 0.9333333333333323, 6, 0, 1, 1, 1, 1, 1, 0.5714285714285714, 1, 0.5, 1, 0.6, 0.8000000000000007
29, 0.01607142857142857, 0.8162698412698413, 0.9194444444444443, 6, 0, 1, 1, 2, 2, 1, 0.8, 0.8, 0.875, 0.875, 0.8571428571428571, 1, 0.75, 1
30, 0.0019841269841270326, 0.8736772486772406, 0.942129629629623, 6, 0, 1, 1, 2, 3, 0, 0.875, 0.875, 0.8888888888888888, 0.8888888888888888, 0.875, 1, 0.8571428571428571, 1
31, 0.00694444444444442, 0.9212962962962973, 0.962962962962964, 6, 0, 1, 1, 2, 3, 1, 0.8888888888888888, 0.8888888888888888, 1, 1, 0.875, 1
32, 0.006944444444444444, 0.0787037037037037, 0.037037037037037035, 6, 1, 0, 0, 0, 0, 0, 0, 0, 0.125, 0, 0.1111111111111111, 0.1111111111111111
33, 0.001984126984126984, 0.12632275132275128, 0.05787037037037037, 6, 1, 0, 0, 0, 0, 1, 0.125, 0, 0.14285714285714285, 0, 0.125, 0.125, 0.1111111111111111, 0.1111111111111111
34, 0.016071428571428573, 0.18373015873015874, 0.08055555555555556, 6, 1, 0, 0, 0, 1, 0, 0.14285714285714285, 0, 0.25, 0, 0.2, 0.2, 0.125, 0.125
35, 0.002777777777777775, 0.22407407407407406, 0.14074074074074072, 6, 1, 0, 0, 1, 0, 0, 0.25, 0, 0.2222222222222222, 0.2222222222222222, 0.2, 0.2
36, 0.007936507936507936, 0.25264550264550256, 0.11574074074074074, 6, 1, 0, 0, 1, 0, 1, 0.25, 0, 0.2857142857142857, 0, 0.25, 0.25, 0.2222222222222222, 0.2222222222222222
37, 0.026785714285714288, 0.3128306878306878, 0.14814814814814814, 6, 1, 0, 0, 1, 1, 0, 0.2857142857142857, 0, 0.375, 0, 0.3333333333333333, 0.3333333333333333, 0.25, 0.25
38, 0.013690476190476197, 0.3818668046928916, 0.13429951690821257, 6, 1, 0, 0, 1, 1, 1, 0.375, 0, 0.42857142857142855, 0, 0.4, 0.20000000000000018, 0.3333333333333333, 0.3333333333333333
39, 0.007142857142857152, 0.44285714285714306, 0.06666666666666674, 6, 1, 0, 0, 1, 2, 0, 0.42857142857142855, 0, 0.5, 0, 0.4, 0.20000000000000018
40, 0.012499999999999983, 0.4250000000000002, 0.22500000000000017, 6, 1, 0, 1, 0, 2, 0, 0.5, 0, 0.4, 0.4, 0.375, 0.375, 0.4, 0.20000000000000018
41, 0.004166666666666673, 0.3694444444444442, 0.30277777777777776, 6, 1, 0, 1, 0, 1, 1, 0.375, 0.375, 0.3333333333333333, 0.3333333333333333, 0.4, 0.20000000000000018
42, 0.0111111111111111, 0.44814814814814813, 0.28148148148148144, 6, 1, 0, 1, 1, 1, 0, 0.5, 0, 0.4444444444444444, 0.4444444444444444, 0.4, 0.4
43, 0.031746031746031744, 0.5052910052910051, 0.23148148148148148, 6, 1, 0, 1, 1, 1, 1, 0.5, 0, 0.5714285714285714, 0, 0.5, 0.5, 0.4444444444444444, 0.4444444444444444
44, 0.0267857142857143, 0.5654761904761908, 0.23809523809523805, 6, 1, 0, 1, 1, 2, 0, 0.5714285714285714, 0, 0.625, 0, 0.5714285714285714, 0.4285714285714288, 0.5, 0.5
45, 0.03273809523809523, 0.6426767676767681, 0.1890331890331891, 6, 1, 0, 1, 1, 2, 1, 0.625, 0, 0.7142857142857143, 0, 0.6666666666666666, 0.3333333333333335, 0.5714285714285714, 0.4285714285714288
46, 0.005952380952380959, 0.7103174603174597, 0.11111111111111137, 6, 1, 0, 1, 1, 3, 0, 0.7142857142857143, 0, 0.75, 0, 0.6666666666666666, 0.3333333333333335
47, 0.005952380952380987, 0.710317460317461, 0.20634920634920642, 6, 1, 0, 1, 2, 2, 0, 0.75, 0, 0.7142857142857143, 0.2857142857142865, 0.6666666666666666, 0.3333333333333335
48, 0.023809523809523808, 0.7837301587301582, 0.1150793650793652, 6, 1, 0, 1, 2, 2, 1, 0.75, 0, 0.8571428571428571, 0, 0.8333333333333334, 0.16666666666666607, 0.7142857142857143, 0.2857142857142865
49, 0.0029761904761904795, 0.8551587301587321, 0.0793650793650793, 6, 1, 0, 1, 2, 3, 0, 0.8571428571428571, 0, 0.875, 0, 0.8571428571428571, 0.14285714285714324, 0.8333333333333334, 0.16666666666666607
50, 0.008928571428571452, 0.910714285714286, 0.04761904761904774, 6, 1, 0, 1, 2, 3, 1, 0.875, 0, 1, 0, 0.8571428571428571, 0.14285714285714324
51, 0.011904761904761932, 0.8968253968253969, 0.15873015873015914, 6, 1, 1, 0, 2, 3, 1, 1, 0, 0.8333333333333334, 0.3333333333333339, 0.8571428571428571, 0.14285714285714324
52, 0.004761904761904773, 0.8301587301587332, 0.2642857142857144, 6, 1, 1, 0, 2, 3, 0, 0.8333333333333334, 0.3333333333333339, 0.8, 0.40000000000000036, 0.8333333333333334, 0.16666666666666607, 0.8571428571428571, 0.14285714285714324
53, 0.030952380952380953, 0.7483516483516484, 0.3866910866910868, 6, 1, 1, 0, 2, 2, 1, 0.8, 0.40000000000000036, 0.6666666666666666, 0.6666666666666666, 0.7142857142857143, 0.2857142857142865, 0.8333333333333334, 0.16666666666666607
54, 0.014880952380952384, 0.6686507936507938, 0.48134920634920625, 6, 1, 1, 0, 2, 2, 0, 0.6666666666666666, 0.6666666666666666, 0.625, 0.625, 0.6666666666666666, 0.3333333333333335, 0.7142857142857143, 0.2857142857142865
55, 0.004166666666666666, 0.6305555555555565, 0.5194444444444447, 6, 1, 1, 0, 2, 1, 1, 0.625, 0.625, 0.6, 0.6, 0.6666666666666666, 0.3333333333333335
56, 0.012698412698412681, 0.6034391534391529, 0.47248677248677223, 6, 1, 1, 0, 1, 2, 1, 0.6, 0.6, 0.5555555555555556, 0.5555555555555556, 0.5714285714285714, 0.4285714285714288, 0.6666666666666666, 0.3333333333333335
57, 0.003968253968253954, 0.5423280423280423, 0.49470899470899543, 6, 1, 1, 0, 1, 2, 0, 0.5555555555555556, 0.5555555555555556, 0.5, 0.5, 0.5714285714285714, 0.4285714285714288
58, 0.03888888888888886, 0.8671957671957669, 0.41481481481481547, 6, 1, 1, 1, 1, 3, 1, 1, 0, 0.8, 0.8, 0.7777777777777778, 0.7777777777777778, 0.8333333333333334, 0.3333333333333339
59, 0.011111111111111044, 0.7898148148148163, 0.5731481481481486, 6, 1, 1, 1, 1, 3, 0, 0.7777777777777778, 0.7777777777777778, 0.75, 0.75, 0.8, 0.40000000000000036, 0.8333333333333334, 0.3333333333333339
60, 0.01666666666666669, 0.7388888888888884, 0.6055555555555555, 6, 1, 1, 1, 1, 2, 1, 0.75, 0.75, 0.6666666666666666, 0.6666666666666666, 0.8, 0.40000000000000036
61, 0.03749999999999998, 0.8916666666666665, 0.5583333333333331, 6, 1, 1, 1, 2, 2, 1, 1, 0, 0.875, 0.875, 0.8, 0.8
62, 0.00694444444444442, 0.9212962962962973, 0.587962962962964, 6, 1, 1, 1, 2, 3, 0, 1, 0, 0.8888888888888888, 0.8888888888888888, 0.875, 0.875
63, 0.05555555555555558, 0.9629629629629628, 0.6296296296296294, 6, 1, 1, 1, 2, 3, 1, 1, 0, 1, 1, 0.8888888888888888, 0.8888888888888888
