nr, area, centroidx, centroidy, numBars, pixPerBar0, ..., pixPerBarN, vertex1x, vertex1y, vertex2x, ...
0, 0.05555555555555555, 0.037037037037037035, 0.37037037037037035, 6, 0, 0, 0, 0, 0, 0, 0, 0, 0.1111111111111111, 0.1111111111111111, 0, 1
1, 0.0069444444444444475, 0.07870370370370368, 0.41203703703703703, 6, 0, 0, 0, 0, 0, 1, 0.1111111111111111, 0.1111111111111111, 0.125, 0.125, 0, 1
2, 0.02083333333333333, 0.09722222222222224, 0.4305555555555557, 6, 0, 0, 0, 0, 1, 0, 0.125, 0.125, 0.16666666666666666, 0.16666666666666666, 0, 1
3, 0.03888888888888889, 0.1328042328042328, 0.48518518518518494, 6, 0, 0, 0, 1, 0, 0, 0.16666666666666666, 0.16666666666666666, 0.2222222222222222, 0.2222222222222222, 0.2, 0.3999999999999999, 0, 1
4, 0.0027777777777777783, 0.22407407407407398, 0.29074074074074063, 6, 0, 0, 0, 1, 0, 1, 0.2222222222222222, 0.2222222222222222, 0.25, 0.25, 0.2, 0.3999999999999999
5, 0.013095238095238083, 0.19256854256854264, 0.5680375180375178, 6, 0, 0, 1, 0, 0, 1, 0.25, 0.25, 0.16666666666666666, 0.8333333333333333, 0.14285714285714285, 0.8571428571428572, 0.2, 0.3999999999999999
6, 0.02857142857142858, 0.11428571428571427, 0.7523809523809527, 6, 0, 0, 1, 0, 0, 0, 0.14285714285714285, 0.8571428571428572, 0, 1, 0.2, 0.3999999999999999
7, 0.04166666666666667, 0.24999999999999994, 0.5277777777777779, 6, 0, 0, 1, 0, 1, 0, 0.25, 0.25, 0.3333333333333333, 0.3333333333333333, 0.25, 0.75, 0.16666666666666666, 0.8333333333333333
8, 0.005952380952380945, 0.2896825396825402, 0.5992063492063497, 6, 0, 0, 1, 1, 0, 0, 0.3333333333333333, 0.3333333333333333, 0.2857142857142857, 0.7142857142857144, 0.25, 0.75
9, 0.014880952380952384, 0.33134920634920617, 0.5186507936507938, 6, 0, 0, 1, 1, 0, 1, 0.3333333333333333, 0.3333333333333333, 0.375, 0.375, 0.3333333333333333, 0.6666666666666665, 0.2857142857142857, 0.7142857142857144
10, 0.01686507936507939, 0.38986150015561766, 0.5159119203236847, 6, 0, 0, 1, 1, 1, 0, 0.375, 0.375, 0.4444444444444444, 0.4444444444444444, 0.42857142857142855, 0.5714285714285716, 0.3333333333333333, 0.6666666666666665
11, 0.003968253968253968, 0.4576719576719581, 0.5052910052910057, 6, 0, 0, 1, 1, 1, 1, 0.4444444444444444, 0.4444444444444444, 0.5, 0.5, 0.42857142857142855, 0.5714285714285716
12, 0.007142857142857131, 0.4428571428571427, 0.6238095238095241, 6, 0, 1, 0, 1, 1, 1, 0.5, 0.5, 0.4, 0.7999999999999998, 0.42857142857142855, 0.5714285714285716
13, 0.028571428571428553, 0.3555555555555558, 0.7931216931216931, 6, 0, 1, 0, 1, 1, 0, 0.4, 0.7999999999999998, 0.3333333333333333, 1, 0.2857142857142857, 1, 0.3333333333333333, 0.6666666666666665, 0.42857142857142855, 0.5714285714285716
14, 0.01190476190476189, 0.28968253968253965, 0.8412698412698418, 6, 0, 1, 0, 1, 0, 1, 0.2857142857142857, 1, 0.25, 1, 0.2857142857142857, 0.7142857142857144, 0.3333333333333333, 0.6666666666666665
15, 0.010714285714285718, 0.24523809523809517, 0.8769841269841269, 6, 0, 1, 0, 1, 0, 0, 0.25, 1, 0.2, 1, 0.25, 0.75, 0.2857142857142857, 0.7142857142857144
16, 0.013095238095238097, 0.1925685425685426, 0.8914141414141413, 6, 0, 1, 0, 0, 1, 0, 0.2, 1, 0.14285714285714285, 1, 0.16666666666666666, 0.8333333333333333, 0.25, 0.75
17, 0.0029761904761904795, 0.14484126984126977, 0.9206349206349201, 6, 0, 1, 0, 0, 0, 1, 0.14285714285714285, 1, 0.125, 1, 0.14285714285714285, 0.8571428571428572, 0.16666666666666666, 0.8333333333333333
18, 0.008928571428571425, 0.08928571428571426, 0.952380952380952, 6, 0, 1, 0, 0, 0, 0, 0.125, 1, 0, 1, 0.14285714285714285, 0.8571428571428572
19, 0.012500000000000011, 0.42500000000000054, 0.7999999999999993, 6, 0, 1, 1, 0, 1, 1, 0.5, 0.5, 0.4, 1, 0.375, 1, 0.4, 0.7999999999999998
20, 0.00416666666666668, 0.3694444444444433, 0.933333333333332, 6, 0, 1, 1, 0, 1, 0, 0.375, 1, 0.3333333333333333, 1, 0.4, 0.7999999999999998
21, 0.0071428571428571175, 0.4428571428571433, 0.8333333333333346, 6, 0, 1, 1, 1, 0, 1, 0.5, 0.5, 0.42857142857142855, 1, 0.4, 1
22, 0.03174603174603177, 0.49470899470899443, 0.7685185185185184, 6, 0, 1, 1, 1, 1, 0, 0.5, 0.5, 0.5555555555555556, 0.5555555555555556, 0.5, 1, 0.42857142857142855, 1
23, 0.030753968253968256, 0.5624893326506231, 0.7913679808841096, 6, 0, 1, 1, 1, 1, 1, 0.5555555555555556, 0.5555555555555556, 0.625, 0.625, 0.5714285714285714, 1, 0.5, 1
24, 0.01369047619047617, 0.618133195307108, 0.8073671497584545, 6, 0, 1, 1, 1, 2, 0, 0.625, 0.625, 0.6666666666666666, 0.6666666666666666, 0.6, 1, 0.5714285714285714, 1
25, 0.00416666666666668, 0.6305555555555544, 0.8888888888888874, 6, 0, 1, 1, 2, 1, 0, 0.6666666666666666, 0.6666666666666666, 0.625, 1, 0.6, 1
26, 0.020833333333333315, 0.6805555555555559, 0.8333333333333338, 6, 0, 1, 1, 2, 1, 1, 0.6666666666666666, 0.6666666666666666, 0.75, 0.75, 0.6666666666666666, 1, 0.625, 1
27, 0.005952380952380987, 0.710317460317461, 0.9166666666666643, 6, 0, 1, 2, 1, 1, 1, 0.75, 0.75, 0.7142857142857143, 1, 0.6666666666666666, 1
28, 0.007936507936507908, 0.7473544973544974, 0.8842592592592602, 6, 0, 1, 2, 1, 2, 0, 0.75, 0.75, 0.7777777777777778, 0.7777777777777778, 0.75, 1, 0.7142857142857143, 1
29, 0.011111111111111127, 0.7898148148148145, 0.8981481481481488, 6, 0, 1, 2, 1, 2, 1, 0.7777777777777778, 0.7777777777777778, 0.8333333333333334, 0.8333333333333334, 0.8, 1, 0.75, 1
30, 0.007738095238095211, 0.8397741147741166, 0.9284188034188035, 6, 0, 1, 2, 2, 1, 1, 0.8333333333333334, 0.8333333333333334, 0.875, 0.875, 0.8571428571428571, 1, 0.8, 1
31, 0.0019841269841270326, 0.8736772486772406, 0.942129629629623, 6, 0, 1, 2, 2, 2, 0, 0.875, 0.875, 0.8888888888888888, 0.8888888888888888, 0.875, 1, 0.8571428571428571, 1
32, 0.00694444444444442, 0.9212962962962973, 0.962962962962964, 6, 0, 1, 2, 2, 2, 1, 0.8888888888888888, 0.8888888888888888, 1, 1, 0.875, 1
33, 0.006944444444444444, 0.0787037037037037, 0.037037037037037035, 6, 1, 0, 0, 0, 0, 0, 0, 0, 0.125, 0, 0.1111111111111111, 0.1111111111111111
34, 0.001984126984126984, 0.12632275132275128, 0.05787037037037037, 6, 1, 0, 0, 0, 0, 1, 0.125, 0, 0.14285714285714285, 0, 0.125, 0.125, 0.1111111111111111, 0.1111111111111111
35, 0.007738095238095238, 0.16022588522588524, 0.07158119658119656, 6, 1, 0, 0, 0, 1, 0, 0.14285714285714285, 0, 0.2, 0, 0.16666666666666666, 0.16666666666666666, 0.125, 0.125
36, 0.01111111111111111, 0.2101851851851852, 0.10185185185185187, 6, 1, 0, 0, 1, 0, 0, 0.2, 0, 0.25, 0, 0.2222222222222222, 0.2222222222222222, 0.16666666666666666, 0.16666666666666666
37, 0.007936507936507936, 0.25264550264550256, 0.11574074074074074, 6, 1, 0, 0, 1, 0, 1, 0.25, 0, 0.2857142857142857, 0, 0.25, 0.25, 0.2222222222222222, 0.2222222222222222
38, 0.005952380952380952, 0.2896825396825397, 0.08333333333333333, 6, 1, 0, 0, 1, 1, 0, 0.2857142857142857, 0, 0.3333333333333333, 0, 0.25, 0.25
39, 0.020833333333333336, 0.3194444444444444, 0.16666666666666666, 6, 1, 0, 1, 0, 1, 0, 0.3333333333333333, 0, 0.375, 0, 0.3333333333333333, 0.3333333333333333, 0.25, 0.25
40, 0.004166666666666666, 0.3694444444444451, 0.11111111111111102, 6, 1, 0, 1, 0, 1, 1, 0.375, 0, 0.4, 0, 0.3333333333333333, 0.3333333333333333
41, 0.013690476190476183, 0.3818668046928918, 0.19263285024154597, 6, 1, 0, 1, 1, 0, 1, 0.4, 0, 0.42857142857142855, 0, 0.375, 0.375, 0.3333333333333333, 0.3333333333333333
42, 0.030753968253968256, 0.43751066734937694, 0.20863201911589008, 6, 1, 0, 1, 1, 1, 0, 0.42857142857142855, 0, 0.5, 0, 0.4444444444444444, 0.4444444444444444, 0.375, 0.375
43, 0.031746031746031744, 0.5052910052910051, 0.23148148148148148, 6, 1, 0, 1, 1, 1, 1, 0.5, 0, 0.5714285714285714, 0, 0.5, 0.5, 0.4444444444444444, 0.4444444444444444
44, 0.007142857142857145, 0.5571428571428585, 0.16666666666666666, 6, 1, 0, 1, 1, 2, 0, 0.5714285714285714, 0, 0.6, 0, 0.5, 0.5
45, 0.012499999999999956, 0.5749999999999994, 0.1999999999999998, 6, 1, 0, 1, 2, 1, 0, 0.6, 0, 0.625, 0, 0.6, 0.1999999999999993, 0.5, 0.5
46, 0.004166666666666652, 0.6305555555555553, 0.0666666666666665, 6, 1, 0, 1, 2, 1, 1, 0.625, 0, 0.6666666666666666, 0, 0.6, 0.1999999999999993
47, 0.02857142857142861, 0.6444444444444443, 0.2068783068783067, 6, 1, 0, 2, 1, 1, 1, 0.6666666666666666, 0, 0.7142857142857143, 0, 0.6666666666666666, 0.33333333333333304, 0.5714285714285714, 0.4285714285714288, 0.6, 0.1999999999999993
48, 0.007142857142857173, 0.5571428571428563, 0.37619047619047585, 6, 1, 0, 2, 1, 1, 0, 0.5714285714285714, 0.4285714285714288, 0.5, 0.5, 0.6, 0.1999999999999993
49, 0.011904761904761932, 0.7103174603174611, 0.1587301587301592, 6, 1, 0, 2, 1, 2, 0, 0.7142857142857143, 0, 0.75, 0, 0.7142857142857143, 0.2857142857142865, 0.6666666666666666, 0.33333333333333304
50, 0.010714285714285718, 0.7547619047619045, 0.12301587301587305, 6, 1, 0, 2, 1, 2, 1, 0.75, 0, 0.8, 0, 0.75, 0.25, 0.7142857142857143, 0.2857142857142865
51, 0.013095238095238063, 0.807431457431457, 0.10858585858585847, 6, 1, 0, 2, 2, 1, 1, 0.8, 0, 0.8571428571428571, 0, 0.8333333333333334, 0.16666666666666607, 0.75, 0.25
52, 0.0029761904761904795, 0.8551587301587321, 0.0793650793650793, 6, 1, 0, 2, 2, 2, 0, 0.8571428571428571, 0, 0.875, 0, 0.8571428571428571, 0.14285714285714324, 0.8333333333333334, 0.16666666666666607
53, 0.008928571428571452, 0.910714285714286, 0.04761904761904774, 6, 1, 0, 2, 2, 2, 1, 0.875, 0, 1, 0, 0.8571428571428571, 0.14285714285714324
54, 0.028571428571428553, 0.8857142857142852, 0.24761904761904768, 6, 1, 1, 1, 2, 2, 1, 1, 0, 0.8, 0.5999999999999996, 0.8571428571428571, 0.14285714285714324
55, 0.013095238095238132, 0.8074314574314562, 0.4319624819624821, 6, 1, 1, 1, 2, 2, 0, 0.8, 0.5999999999999996, 0.75, 0.75, 0.8333333333333334, 0.16666666666666607, 0.8571428571428571, 0.14285714285714324
56, 0.04166666666666663, 0.7500000000000007, 0.4722222222222223, 6, 1, 1, 1, 2, 1, 1, 0.75, 0.75, 0.6666666666666666, 0.6666666666666666, 0.75, 0.25, 0.8333333333333334, 0.16666666666666607
57, 0.005952380952380931, 0.7103174603174599, 0.4007936507936528, 6, 1, 1, 1, 1, 2, 1, 0.6666666666666666, 0.6666666666666666, 0.7142857142857143, 0.2857142857142865, 0.75, 0.25
58, 0.014880952380952411, 0.6686507936507932, 0.48134920634920564, 6, 1, 1, 1, 1, 2, 0, 0.6666666666666666, 0.6666666666666666, 0.625, 0.625, 0.6666666666666666, 0.33333333333333304, 0.7142857142857143, 0.2857142857142865
59, 0.01686507936507936, 0.6101384998443818, 0.48408807967631473, 6, 1, 1, 1, 1, 1, 1, 0.625, 0.625, 0.5555555555555556, 0.5555555555555556, 0.5714285714285714, 0.4285714285714288, 0.6666666666666666, 0.33333333333333304
60, 0.003968253968253954, 0.5423280423280423, 0.49470899470899543, 6, 1, 1, 1, 1, 1, 0, 0.5555555555555556, 0.5555555555555556, 0.5, 0.5, 0.5714285714285714, 0.4285714285714288
61, 0.03888888888888897, 0.8671957671957663, 0.5148148148148145, 6, 1, 1, 2, 1, 2, 1, 1, 0, 0.8333333333333334, 0.8333333333333334, 0.7777777777777778, 0.7777777777777778, 0.8, 0.5999999999999996
62, 0.00277777777777774, 0.7759259259259305, 0.7092592592592625, 6, 1, 1, 2, 1, 2, 0, 0.7777777777777778, 0.7777777777777778, 0.75, 0.75, 0.8, 0.5999999999999996
63, 0.020833333333333315, 0.9027777777777776, 0.5694444444444443, 6, 1, 1, 2, 2, 1, 1, 1, 0, 0.875, 0.875, 0.8333333333333334, 0.8333333333333334
64, 0.00694444444444442, 0.9212962962962973, 0.587962962962964, 6, 1, 1, 2, 2, 2, 0, 1, 0, 0.8888888888888888, 0.8888888888888888, 0.875, 0.875
65, 0.05555555555555558, 0.9629629629629628, 0.6296296296296294, 6, 1, 1, 2, 2, 2, 1, 1, 0, 1, 1, 0.8888888888888888, 0.8888888888888888
