nr, area, centroidx, centroidy, numBars, pixPerBar0, ..., pixPerBarN, vertex1x, vertex1y, vertex2x, ...
0, 0.05555555555555555, 0.037037037037037035, 0.37037037037037035, 6, 0, 0, 0, 0, 0, 0, 0, 0, 0.1111111111111111, 0.1111111111111111, 0, 1
1, 0.0069444444444444475, 0.07870370370370368, 0.41203703703703703, 6, 0, 0, 0, 0, 0, 1, 0.1111111111111111, 0.1111111111111111, 0.125, 0.125, 0, 1
2, 0.02083333333333333, 0.09722222222222224, 0.4305555555555557, 6, 0, 0, 0, 0, 1, 0, 0.125, 0.125, 0.16666666666666666, 0.16666666666666666, 0, 1
3, 0.016666666666666677, 0.12222222222222225, 0.45555555555555516, 6, 0, 0, 0, 1, 0, 0, 0.16666666666666666, 0.16666666666666666, 0.2, 0.2, 0, 1
4, 0.03888888888888889, 0.1328042328042328, 0.5851851851851853, 6, 0, 0, 1, 0, 0, 0, 0.2, 0.2, 0.2222222222222222, 0.2222222222222222, 0.16666666666666666, 0.6666666666666667, 0, 1
5, 0.011111111111111113, 0.2101851851851854, 0.4268518518518521, 6, 0, 0, 1, 0, 0, 1, 0.2222222222222222, 0.2222222222222222, 0.25, 0.25, 0.2, 0.6000000000000001, 0.16666666666666666, 0.6666666666666667
6, 0.01666666666666667, 0.26111111111111107, 0.39444444444444443, 6, 0, 0, 1, 0, 1, 0, 0.25, 0.25, 0.3333333333333333, 0.3333333333333333, 0.2, 0.6000000000000001
7, 0.0380952380952381, 0.22539682539682537, 0.711111111111111, 6, 0, 1, 0, 0, 1, 0, 0.3333333333333333, 0.3333333333333333, 0.2, 1, 0.14285714285714285, 1, 0.2, 0.6000000000000001
8, 0.007738095238095231, 0.16022588522588538, 0.8068376068376072, 6, 0, 1, 0, 0, 0, 1, 0.14285714285714285, 1, 0.125, 1, 0.16666666666666666, 0.6666666666666667, 0.2, 0.6000000000000001
9, 0.02083333333333333, 0.09722222222222218, 0.8888888888888888, 6, 0, 1, 0, 0, 0, 0, 0.125, 1, 0, 1, 0.16666666666666666, 0.6666666666666667
10, 0.016666666666666663, 0.2611111111111109, 0.777777777777778, 6, 0, 1, 0, 1, 0, 0, 0.3333333333333333, 0.3333333333333333, 0.25, 1, 0.2, 1
11, 0.020833333333333315, 0.3194444444444445, 0.5972222222222224, 6, 0, 1, 0, 1, 0, 1, 0.3333333333333333, 0.3333333333333333, 0.375, 0.375, 0.3333333333333333, 0.6666666666666665, 0.25, 1
12, 0.004166666666666666, 0.3694444444444451, 0.4805555555555553, 6, 0, 1, 0, 1, 1, 0, 0.375, 0.375, 0.4, 0.4, 0.3333333333333333, 0.6666666666666665
13, 0.045436507936507955, 0.3682892031145305, 0.7317483422286915, 6, 0, 1, 1, 0, 1, 0, 0.4, 0.4, 0.4444444444444444, 0.4444444444444444, 0.375, 1, 0.2857142857142857, 1, 0.3333333333333333, 0.6666666666666665
14, 0.02361111111111111, 0.4358932461873641, 0.6971677559912853, 6, 0, 1, 1, 0, 1, 1, 0.4444444444444444, 0.4444444444444444, 0.5, 0.5, 0.4, 1, 0.375, 1
15, 0.005952380952380959, 0.28968253968253993, 0.8888888888888886, 6, 0, 1, 1, 0, 0, 1, 0.2857142857142857, 1, 0.25, 1, 0.3333333333333333, 0.6666666666666665
16, 0.0071428571428571175, 0.4428571428571433, 0.8333333333333346, 6, 0, 1, 1, 1, 0, 1, 0.5, 0.5, 0.42857142857142855, 1, 0.4, 1
17, 0.03174603174603177, 0.49470899470899443, 0.7685185185185184, 6, 0, 1, 1, 1, 1, 0, 0.5, 0.5, 0.5555555555555556, 0.5555555555555556, 0.5, 1, 0.42857142857142855, 1
18, 0.0111111111111111, 0.5518518518518523, 0.7185185185185186, 6, 0, 1, 1, 1, 1, 1, 0.5555555555555556, 0.5555555555555556, 0.6, 0.6, 0.5, 1
19, 0.012500000000000039, 0.5750000000000001, 0.7750000000000004, 6, 0, 1, 2, 0, 1, 1, 0.6, 0.6, 0.625, 0.625, 0.6, 0.8000000000000007, 0.5, 1
20, 0.00416666666666668, 0.6305555555555544, 0.6972222222222213, 6, 0, 1, 2, 0, 2, 0, 0.625, 0.625, 0.6666666666666666, 0.6666666666666666, 0.6, 0.8000000000000007
21, 0.00952380952380949, 0.6126984126984126, 0.8555555555555563, 6, 0, 2, 1, 0, 2, 0, 0.6666666666666666, 0.6666666666666666, 0.6, 1, 0.5714285714285714, 1, 0.6, 0.8000000000000007
22, 0.0071428571428571175, 0.5571428571428554, 0.9333333333333323, 6, 0, 2, 1, 0, 1, 1, 0.5714285714285714, 1, 0.5, 1, 0.6, 0.8000000000000007
23, 0.00416666666666668, 0.6305555555555544, 0.8888888888888874, 6, 0, 2, 1, 1, 1, 0, 0.6666666666666666, 0.6666666666666666, 0.625, 1, 0.6, 1
24, 0.0267857142857143, 0.6871693121693123, 0.8518518518518517, 6, 0, 2, 1, 1, 1, 1, 0.6666666666666666, 0.6666666666666666, 0.75, 0.75, 0.7142857142857143, 1, 0.625, 1
25, 0.007936507936507908, 0.7473544973544974, 0.8842592592592602, 6, 0, 2, 1, 1, 2, 0, 0.75, 0.75, 0.7777777777777778, 0.7777777777777778, 0.75, 1, 0.7142857142857143, 1
26, 0.002777777777777768, 0.7759259259259293, 0.8592592592592626, 6, 0, 2, 1, 1, 2, 1, 0.7777777777777778, 0.7777777777777778, 0.8, 0.8, 0.75, 1
27, 0.00833333333333336, 0.794444444444443, 0.9111111111111108, 6, 0, 2, 2, 0, 2, 1, 0.8, 0.8, 0.8333333333333334, 0.8333333333333334, 0.8, 1, 0.75, 1
28, 0.007738095238095211, 0.8397741147741166, 0.9284188034188035, 6, 0, 2, 2, 1, 1, 1, 0.8333333333333334, 0.8333333333333334, 0.875, 0.875, 0.8571428571428571, 1, 0.8, 1
29, 0.0019841269841270326, 0.8736772486772406, 0.942129629629623, 6, 0, 2, 2, 1, 2, 0, 0.875, 0.875, 0.8888888888888888, 0.8888888888888888, 0.875, 1, 0.8571428571428571, 1
30, 0.00694444444444442, 0.9212962962962973, 0.962962962962964, 6, 0, 2, 2, 1, 2, 1, 0.8888888888888888, 0.8888888888888888, 1, 1, 0.875, 1
31, 0.006944444444444444, 0.0787037037037037, 0.037037037037037035, 6, 1, 0, 0, 0, 0, 0, 0, 0, 0.125, 0, 0.1111111111111111, 0.1111111111111111
32, 0.001984126984126984, 0.12632275132275128, 0.05787037037037037, 6, 1, 0, 0, 0, 0, 1, 0.125, 0, 0.14285714285714285, 0, 0.125, 0.125, 0.1111111111111111, 0.1111111111111111
33, 0.007738095238095238, 0.16022588522588524, 0.07158119658119656, 6, 1, 0, 0, 0, 1, 0, 0.14285714285714285, 0, 0.2, 0, 0.16666666666666666, 0.16666666666666666, 0.125, 0.125
34, 0.008333333333333335, 0.20555555555555555, 0.08888888888888892, 6, 1, 0, 0, 1, 0, 0, 0.2, 0, 0.25, 0, 0.2, 0.2, 0.16666666666666666, 0.16666666666666666
35, 0.002777777777777775, 0.22407407407407406, 0.14074074074074072, 6, 1, 0, 1, 0, 0, 0, 0.25, 0, 0.2222222222222222, 0.2222222222222222, 0.2, 0.2
36, 0.007936507936507936, 0.25264550264550256, 0.11574074074074074, 6, 1, 0, 1, 0, 0, 1, 0.25, 0, 0.2857142857142857, 0, 0.25, 0.25, 0.2222222222222222, 0.2222222222222222
37, 0.026785714285714288, 0.3128306878306878, 0.14814814814814814, 6, 1, 0, 1, 0, 1, 0, 0.2857142857142857, 0, 0.375, 0, 0.3333333333333333, 0.3333333333333333, 0.25, 0.25
38, 0.004166666666666666, 0.3694444444444451, 0.11111111111111102, 6, 1, 0, 1, 0, 1, 1, 0.375, 0, 0.4, 0, 0.3333333333333333, 0.3333333333333333
39, 0.009523809523809532, 0.3873015873015869, 0.1444444444444445, 6, 1, 0, 1, 1, 0, 1, 0.4, 0, 0.42857142857142855, 0, 0.4, 0.20000000000000018, 0.3333333333333333, 0.3333333333333333
40, 0.007142857142857152, 0.44285714285714306, 0.06666666666666674, 6, 1, 0, 1, 1, 1, 0, 0.42857142857142855, 0, 0.5, 0, 0.4, 0.20000000000000018
41, 0.012499999999999983, 0.4250000000000002, 0.22500000000000017, 6, 1, 1, 0, 1, 1, 0, 0.5, 0, 0.4, 0.4, 0.375, 0.375, 0.4, 0.20000000000000018
42, 0.004166666666666673, 0.3694444444444442, 0.30277777777777776, 6, 1, 1, 0, 1, 0, 1, 0.375, 0.375, 0.3333333333333333, 0.3333333333333333, 0.4, 0.20000000000000018
43, 0.0111111111111111, 0.44814814814814813, 0.28148148148148144, 6, 1, 1, 1, 0, 1, 0, 0.5, 0, 0.4444444444444444, 0.4444444444444444, 0.4, 0.4
44, 0.031746031746031744, 0.5052910052910051, 0.23148148148148148, 6, 1, 1, 1, 0, 1, 1, 0.5, 0, 0.5714285714285714, 0, 0.5, 0.5, 0.4444444444444444, 0.4444444444444444
45, 0.007142857142857145, 0.5571428571428585, 0.16666666666666666, 6, 1, 1, 1, 0, 2, 0, 0.5714285714285714, 0, 0.6, 0, 0.5, 0.5
46, 0.02361111111111111, 0.5641067538126359, 0.3028322440087146, 6, 1, 1, 1, 1, 1, 0, 0.6, 0, 0.625, 0, 0.5555555555555556, 0.5555555555555556, 0.5, 0.5
47, 0.045436507936507914, 0.6317107968854695, 0.26825165777130827, 6, 1, 1, 1, 1, 1, 1, 0.625, 0, 0.7142857142857143, 0, 0.6666666666666666, 0.33333333333333304, 0.6, 0.6, 0.5555555555555556, 0.5555555555555556
48, 0.005952380952380945, 0.7103174603174582, 0.11111111111111124, 6, 1, 1, 1, 1, 2, 0, 0.7142857142857143, 0, 0.75, 0, 0.6666666666666666, 0.33333333333333304
49, 0.02083333333333337, 0.6805555555555555, 0.4027777777777775, 6, 1, 1, 2, 0, 2, 0, 0.75, 0, 0.6666666666666666, 0.6666666666666666, 0.625, 0.625, 0.6666666666666666, 0.33333333333333304
50, 0.016666666666666663, 0.7388888888888901, 0.22222222222222204, 6, 1, 1, 2, 0, 2, 1, 0.75, 0, 0.8, 0, 0.6666666666666666, 0.6666666666666666
51, 0.004166666666666666, 0.6305555555555543, 0.5194444444444447, 6, 1, 1, 2, 0, 1, 1, 0.625, 0.625, 0.6, 0.6, 0.6666666666666666, 0.33333333333333304
52, 0.038095238095238126, 0.7746031746031738, 0.288888888888889, 6, 1, 1, 2, 1, 1, 1, 0.8, 0, 0.8571428571428571, 0, 0.8, 0.40000000000000036, 0.6666666666666666, 0.6666666666666666
53, 0.007738095238095266, 0.8397741147741178, 0.19316239316239345, 6, 1, 1, 2, 1, 2, 0, 0.8571428571428571, 0, 0.875, 0, 0.8333333333333334, 0.3333333333333339, 0.8, 0.40000000000000036
54, 0.02083333333333337, 0.9027777777777779, 0.1111111111111113, 6, 1, 1, 2, 1, 2, 1, 0.875, 0, 1, 0, 0.8333333333333334, 0.3333333333333339
55, 0.03888888888888886, 0.8671957671957669, 0.41481481481481547, 6, 1, 2, 1, 1, 2, 1, 1, 0, 0.8, 0.8, 0.7777777777777778, 0.7777777777777778, 0.8333333333333334, 0.3333333333333339
56, 0.011111111111111044, 0.7898148148148163, 0.5731481481481486, 6, 1, 2, 1, 1, 2, 0, 0.7777777777777778, 0.7777777777777778, 0.75, 0.75, 0.8, 0.40000000000000036, 0.8333333333333334, 0.3333333333333339
57, 0.01666666666666669, 0.7388888888888884, 0.6055555555555555, 6, 1, 2, 1, 1, 1, 1, 0.75, 0.75, 0.6666666666666666, 0.6666666666666666, 0.8, 0.40000000000000036
58, 0.016666666666666663, 0.8777777777777775, 0.5444444444444442, 6, 1, 2, 2, 0, 2, 1, 1, 0, 0.8333333333333334, 0.8333333333333334, 0.8, 0.8
59, 0.020833333333333315, 0.9027777777777776, 0.5694444444444443, 6, 1, 2, 2, 1, 1, 1, 1, 0, 0.875, 0.875, 0.8333333333333334, 0.8333333333333334
60, 0.00694444444444442, 0.9212962962962973, 0.587962962962964, 6, 1, 2, 2, 1, 2, 0, 1, 0, 0.8888888888888888, 0.8888888888888888, 0.875, 0.875
61, 0.05555555555555558, 0.9629629629629628, 0.6296296296296294, 6, 1, 2, 2, 1, 2, 1, 1, 0, 1, 1, 0.8888888888888888, 0.8888888888888888
