nr, area, centroidx, centroidy, numBars, pixPerBar0, ..., pixPerBarN, vertex1x, vertex1y, vertex2x, ...
0, 0.05555555555555555, 0.037037037037037035, 0.37037037037037035, 6, 0, 0, 0, 0, 0, 0, 0, 0, 0.1111111111111111, 0.1111111111111111, 0, 1
1, 0.0069444444444444475, 0.07870370370370368, 0.41203703703703703, 6, 0, 0, 0, 0, 0, 1, 0.1111111111111111, 0.1111111111111111, 0.125, 0.125, 0, 1
2, 0.008928571428571425, 0.0892857142857143, 0.42261904761904756, 6, 0, 0, 0, 0, 1, 0, 0.125, 0.125, 0.14285714285714285, 0.14285714285714285, 0, 1
3, 0.011904761904761904, 0.10317460317460318, 0.43650793650793673, 6, 0, 0, 0, 1, 0, 0, 0.14285714285714285, 0.14285714285714285, 0.16666666666666666, 0.16666666666666666, 0, 1
4, 0.016666666666666677, 0.12222222222222225, 0.45555555555555516, 6, 0, 0, 1, 0, 0, 0, 0.16666666666666666, 0.16666666666666666, 0.2, 0.2, 0, 1
5, 0.059722222222222204, 0.12039190353143842, 0.6911283376399657, 6, 0, 1, 0, 0, 0, 0, 0.2, 0.2, 0.2222222222222222, 0.2222222222222222, 0.125, 1, 0, 1
6, 0.018849206349206366, 0.1896755778334725, 0.5828460038986353, 6, 0, 1, 0, 0, 0, 1, 0.2222222222222222, 0.2222222222222222, 0.25, 0.25, 0.14285714285714285, 1, 0.125, 1
7, 0.02380952380952378, 0.21626984126984133, 0.6011904761904763, 6, 0, 1, 0, 0, 1, 0, 0.25, 0.25, 0.2857142857142857, 0.2857142857142857, 0.16666666666666666, 1, 0.14285714285714285, 1
8, 0.03095238095238098, 0.25164835164835153, 0.6251526251526248, 6, 0, 1, 0, 1, 0, 0, 0.2857142857142857, 0.2857142857142857, 0.3333333333333333, 0.3333333333333333, 0.2, 1, 0.16666666666666666, 1
9, 0.016666666666666663, 0.2611111111111109, 0.777777777777778, 6, 0, 1, 1, 0, 0, 0, 0.3333333333333333, 0.3333333333333333, 0.25, 1, 0.2, 1
10, 0.020833333333333315, 0.3194444444444445, 0.5972222222222224, 6, 0, 1, 1, 0, 0, 1, 0.3333333333333333, 0.3333333333333333, 0.375, 0.375, 0.3333333333333333, 0.6666666666666665, 0.25, 1
11, 0.004166666666666666, 0.3694444444444451, 0.4805555555555553, 6, 0, 1, 1, 0, 1, 0, 0.375, 0.375, 0.4, 0.4, 0.3333333333333333, 0.6666666666666665
12, 0.028571428571428567, 0.35555555555555546, 0.7179894179894184, 6, 0, 2, 0, 0, 1, 0, 0.4, 0.4, 0.42857142857142855, 0.42857142857142855, 0.3333333333333333, 1, 0.2857142857142857, 1, 0.3333333333333333, 0.6666666666666665
13, 0.005952380952380959, 0.28968253968253993, 0.8888888888888886, 6, 0, 2, 0, 0, 0, 1, 0.2857142857142857, 1, 0.25, 1, 0.3333333333333333, 0.6666666666666665
14, 0.01686507936507939, 0.38986150015561777, 0.7550575785869896, 6, 0, 2, 0, 1, 0, 0, 0.42857142857142855, 0.42857142857142855, 0.4444444444444444, 0.4444444444444444, 0.375, 1, 0.3333333333333333, 1
15, 0.02361111111111111, 0.4358932461873641, 0.6971677559912853, 6, 0, 2, 0, 1, 0, 1, 0.4444444444444444, 0.4444444444444444, 0.5, 0.5, 0.4, 1, 0.375, 1
16, 0.0071428571428571175, 0.4428571428571433, 0.8333333333333346, 6, 0, 2, 1, 0, 0, 1, 0.5, 0.5, 0.42857142857142855, 1, 0.4, 1
17, 0.03174603174603177, 0.49470899470899443, 0.7685185185185184, 6, 0, 2, 1, 0, 1, 0, 0.5, 0.5, 0.5555555555555556, 0.5555555555555556, 0.5, 1, 0.42857142857142855, 1
18, 0.003968253968253954, 0.5423280423280411, 0.7089947089947078, 6, 0, 2, 1, 0, 1, 1, 0.5555555555555556, 0.5555555555555556, 0.5714285714285714, 0.5714285714285714, 0.5, 1
19, 0.007142857142857145, 0.5571428571428585, 0.7238095238095245, 6, 0, 2, 1, 1, 0, 1, 0.5714285714285714, 0.5714285714285714, 0.6, 0.6, 0.5, 1
20, 0.019642857142857156, 0.5685064935064934, 0.8325757575757572, 6, 0, 3, 0, 1, 0, 1, 0.6, 0.6, 0.625, 0.625, 0.5714285714285714, 1, 0.5, 1
21, 0.01369047619047617, 0.618133195307108, 0.8073671497584545, 6, 0, 3, 0, 1, 1, 0, 0.625, 0.625, 0.6666666666666666, 0.6666666666666666, 0.6, 1, 0.5714285714285714, 1
22, 0.00416666666666668, 0.6305555555555544, 0.8888888888888874, 6, 0, 3, 1, 0, 1, 0, 0.6666666666666666, 0.6666666666666666, 0.625, 1, 0.6, 1
23, 0.014880952380952384, 0.6686507936507945, 0.8380952380952389, 6, 0, 3, 1, 0, 1, 1, 0.6666666666666666, 0.6666666666666666, 0.7142857142857143, 0.7142857142857143, 0.6666666666666666, 1, 0.625, 1
24, 0.011904761904761918, 0.7103174603174605, 0.8690476190476178, 6, 0, 3, 1, 1, 0, 1, 0.7142857142857143, 0.7142857142857143, 0.75, 0.75, 0.7142857142857143, 1, 0.6666666666666666, 1
25, 0.007936507936507908, 0.7473544973544974, 0.8842592592592602, 6, 0, 3, 1, 1, 1, 0, 0.75, 0.75, 0.7777777777777778, 0.7777777777777778, 0.75, 1, 0.7142857142857143, 1
26, 0.002777777777777768, 0.7759259259259293, 0.8592592592592626, 6, 0, 3, 1, 1, 1, 1, 0.7777777777777778, 0.7777777777777778, 0.8, 0.8, 0.75, 1
27, 0.00833333333333336, 0.794444444444443, 0.9111111111111108, 6, 0, 4, 0, 1, 1, 1, 0.8, 0.8, 0.8333333333333334, 0.8333333333333334, 0.8, 1, 0.75, 1
28, 0.004761904761904745, 0.8301587301587323, 0.9246031746031752, 6, 0, 4, 1, 0, 1, 1, 0.8333333333333334, 0.8333333333333334, 0.8571428571428571, 0.8571428571428571, 0.8333333333333334, 1, 0.8, 1
29, 0.0029761904761904656, 0.8551587301587315, 0.9345238095238086, 6, 0, 4, 1, 1, 0, 1, 0.8571428571428571, 0.8571428571428571, 0.875, 0.875, 0.8571428571428571, 1, 0.8333333333333334, 1
30, 0.0019841269841270326, 0.8736772486772406, 0.942129629629623, 6, 0, 4, 1, 1, 1, 0, 0.875, 0.875, 0.8888888888888888, 0.8888888888888888, 0.875, 1, 0.8571428571428571, 1
31, 0.00694444444444442, 0.9212962962962973, 0.962962962962964, 6, 0, 4, 1, 1, 1, 1, 0.8888888888888888, 0.8888888888888888, 1, 1, 0.875, 1
32, 0.006944444444444444, 0.0787037037037037, 0.037037037037037035, 6, 1, 0, 0, 0, 0, 0, 0, 0, 0.125, 0, 0.1111111111111111, 0.1111111111111111
33, 0.001984126984126984, 0.12632275132275128, 0.05787037037037037, 6, 1, 0, 0, 0, 0, 1, 0.125, 0, 0.14285714285714285, 0, 0.125, 0.125, 0.1111111111111111, 0.1111111111111111
34, 0.002976190476190476, 0.1448412698412699, 0.06547619047619045, 6, 1, 0, 0, 0, 1, 0, 0.14285714285714285, 0, 0.16666666666666666, 0, 0.14285714285714285, 0.14285714285714285, 0.125, 0.125
35, 0.004761904761904762, 0.16984126984126985, 0.07539682539682539, 6, 1, 0, 0, 1, 0, 0, 0.16666666666666666, 0, 0.2, 0, 0.16666666666666666, 0.16666666666666666, 0.14285714285714285, 0.14285714285714285
36, 0.008333333333333335, 0.20555555555555555, 0.08888888888888892, 6, 1, 0, 1, 0, 0, 0, 0.2, 0, 0.25, 0, 0.2, 0.2, 0.16666666666666666, 0.16666666666666666
37, 0.002777777777777775, 0.22407407407407406, 0.14074074074074072, 6, 1, 1, 0, 0, 0, 0, 0.25, 0, 0.2222222222222222, 0.2222222222222222, 0.2, 0.2
38, 0.007936507936507936, 0.25264550264550256, 0.11574074074074074, 6, 1, 1, 0, 0, 0, 1, 0.25, 0, 0.2857142857142857, 0, 0.25, 0.25, 0.2222222222222222, 0.2222222222222222
39, 0.011904761904761904, 0.2896825396825398, 0.1309523809523809, 6, 1, 1, 0, 0, 1, 0, 0.2857142857142857, 0, 0.3333333333333333, 0, 0.2857142857142857, 0.2857142857142857, 0.25, 0.25
40, 0.014880952380952384, 0.33134920634920617, 0.1619047619047619, 6, 1, 1, 0, 1, 0, 0, 0.3333333333333333, 0, 0.375, 0, 0.3333333333333333, 0.3333333333333333, 0.2857142857142857, 0.2857142857142857
41, 0.004166666666666666, 0.3694444444444451, 0.11111111111111102, 6, 1, 1, 0, 1, 0, 1, 0.375, 0, 0.4, 0, 0.3333333333333333, 0.3333333333333333
42, 0.013690476190476183, 0.3818668046928918, 0.19263285024154597, 6, 1, 1, 1, 0, 0, 1, 0.4, 0, 0.42857142857142855, 0, 0.375, 0.375, 0.3333333333333333, 0.3333333333333333
43, 0.019642857142857156, 0.4314935064935064, 0.1674242424242425, 6, 1, 1, 1, 0, 1, 0, 0.42857142857142855, 0, 0.5, 0, 0.4, 0.4, 0.375, 0.375
44, 0.007142857142857131, 0.44285714285714306, 0.27619047619047604, 6, 1, 2, 0, 0, 1, 0, 0.5, 0, 0.42857142857142855, 0.42857142857142855, 0.4, 0.4
45, 0.003968253968253968, 0.45767195767195723, 0.29100529100529116, 6, 1, 2, 0, 1, 0, 0, 0.5, 0, 0.4444444444444444, 0.4444444444444444, 0.42857142857142855, 0.42857142857142855
46, 0.031746031746031744, 0.5052910052910051, 0.23148148148148148, 6, 1, 2, 0, 1, 0, 1, 0.5, 0, 0.5714285714285714, 0, 0.5, 0.5, 0.4444444444444444, 0.4444444444444444
47, 0.007142857142857145, 0.5571428571428585, 0.16666666666666666, 6, 1, 2, 0, 1, 1, 0, 0.5714285714285714, 0, 0.6, 0, 0.5, 0.5
48, 0.02361111111111111, 0.5641067538126359, 0.3028322440087146, 6, 1, 2, 1, 0, 1, 0, 0.6, 0, 0.625, 0, 0.5555555555555556, 0.5555555555555556, 0.5, 0.5
49, 0.01686507936507936, 0.6101384998443826, 0.2449424214130094, 6, 1, 2, 1, 0, 1, 1, 0.625, 0, 0.6666666666666666, 0, 0.5714285714285714, 0.5714285714285714, 0.5555555555555556, 0.5555555555555556
50, 0.028571428571428553, 0.6444444444444444, 0.28201058201058193, 6, 1, 2, 1, 1, 0, 1, 0.6666666666666666, 0, 0.7142857142857143, 0, 0.6666666666666666, 0.33333333333333304, 0.6, 0.6, 0.5714285714285714, 0.5714285714285714
51, 0.005952380952380945, 0.7103174603174582, 0.11111111111111124, 6, 1, 2, 1, 1, 1, 0, 0.7142857142857143, 0, 0.75, 0, 0.6666666666666666, 0.33333333333333304
52, 0.02083333333333337, 0.6805555555555555, 0.4027777777777775, 6, 1, 3, 0, 1, 1, 0, 0.75, 0, 0.6666666666666666, 0.6666666666666666, 0.625, 0.625, 0.6666666666666666, 0.33333333333333304
53, 0.016666666666666663, 0.7388888888888901, 0.22222222222222204, 6, 1, 3, 0, 1, 1, 1, 0.75, 0, 0.8, 0, 0.6666666666666666, 0.6666666666666666
54, 0.004166666666666666, 0.6305555555555543, 0.5194444444444447, 6, 1, 3, 0, 1, 0, 1, 0.625, 0.625, 0.6, 0.6, 0.6666666666666666, 0.33333333333333304
55, 0.030952380952380953, 0.7483516483516484, 0.37484737484737524, 6, 1, 3, 1, 0, 1, 1, 0.8, 0, 0.8333333333333334, 0, 0.7142857142857143, 0.7142857142857143, 0.6666666666666666, 0.6666666666666666
56, 0.02380952380952378, 0.7837301587301595, 0.3988095238095238, 6, 1, 3, 1, 1, 0, 1, 0.8333333333333334, 0, 0.8571428571428571, 0, 0.75, 0.75, 0.7142857142857143, 0.7142857142857143
57, 0.018849206349206393, 0.8103244221665261, 0.4171539961013641, 6, 1, 3, 1, 1, 1, 0, 0.8571428571428571, 0, 0.875, 0, 0.7777777777777778, 0.7777777777777778, 0.75, 0.75
58, 0.05972222222222223, 0.8796080964685618, 0.3088716623600347, 6, 1, 3, 1, 1, 1, 1, 0.875, 0, 1, 0, 0.8, 0.8, 0.7777777777777778, 0.7777777777777778
59, 0.016666666666666663, 0.8777777777777775, 0.5444444444444442, 6, 1, 4, 0, 1, 1, 1, 1, 0, 0.8333333333333334, 0.8333333333333334, 0.8, 0.8
60, 0.011904761904761862, 0.8968253968253982, 0.5634920634920633, 6, 1, 4, 1, 0, 1, 1, 1, 0, 0.8571428571428571, 0.8571428571428571, 0.8333333333333334, 0.8333333333333334
61, 0.008928571428571452, 0.9107142857142835, 0.5773809523809522, 6, 1, 4, 1, 1, 0, 1, 1, 0, 0.875, 0.875, 0.8571428571428571, 0.8571428571428571
62, 0.00694444444444442, 0.9212962962962973, 0.587962962962964, 6, 1, 4, 1, 1, 1, 0, 1, 0, 0.8888888888888888, 0.8888888888888888, 0.875, 0.875
63, 0.05555555555555558, 0.9629629629629628, 0.6296296296296294, 6, 1, 4, 1, 1, 1, 1, 1, 0, 1, 1, 0.8888888888888888, 0.8888888888888888
