nr, area, centroidx, centroidy, numBars, pixPerBar0, ..., pixPerBarN, vertex1x, vertex1y, vertex2x, ...
0, 0.1, 0.06666666666666667, 0.3999999999999999, 5, 0, 0, 0, 0, 0, 0, 0, 0.2, 0.2, 0, 1
1, 0.024999999999999994, 0.15, 0.4833333333333335, 5, 0, 0, 0, 0, 1, 0.2, 0.2, 0.25, 0.25, 0, 1
2, 0.04166666666666666, 0.19444444444444448, 0.5277777777777778, 5, 0, 0, 0, 1, 0, 0.25, 0.25, 0.3333333333333333, 0.3333333333333333, 0, 1
3, 0.06666666666666668, 0.24444444444444452, 0.6333333333333334, 5, 0, 0, 1, 0, 0, 0.3333333333333333, 0.3333333333333333, 0.4, 0.4, 0.3333333333333333, 0.6666666666666667, 0, 1
4, 0.016666666666666663, 0.4111111111111111, 0.5222222222222221, 5, 0, 0, 1, 0, 1, 0.4, 0.4, 0.5, 0.5, 0.3333333333333333, 0.6666666666666667
5, 0.04166666666666667, 0.36111111111111116, 0.7777777777777776, 5, 0, 1, 0, 0, 1, 0.5, 0.5, 0.3333333333333333, 1, 0.25, 1, 0.3333333333333333, 0.6666666666666667
6, 0.04166666666666666, 0.19444444444444436, 0.8888888888888888, 5, 0, 1, 0, 0, 0, 0.25, 1, 0, 1, 0.3333333333333333, 0.6666666666666667
7, 0.06666666666666665, 0.4777777777777779, 0.7833333333333335, 5, 0, 1, 0, 1, 0, 0.5, 0.5, 0.6, 0.6, 0.5, 1, 0.3333333333333333, 1
8, 0.016666666666666663, 0.5888888888888884, 0.7555555555555551, 5, 0, 1, 0, 1, 1, 0.6, 0.6, 0.6666666666666666, 0.6666666666666666, 0.5, 1
9, 0.04166666666666666, 0.6388888888888885, 0.8611111111111114, 5, 0, 1, 1, 0, 1, 0.6666666666666666, 0.6666666666666666, 0.75, 0.75, 0.6666666666666666, 1, 0.5, 1
10, 0.016666666666666663, 0.738888888888889, 0.8916666666666664, 5, 0, 1, 1, 1, 0, 0.75, 0.75, 0.8, 0.8, 0.75, 1, 0.6666666666666666, 1
11, 0.025000000000000022, 0.8499999999999996, 0.933333333333333, 5, 0, 1, 1, 1, 1, 0.8, 0.8, 1, 1, 0.75, 1
12, 0.025, 0.15, 0.06666666666666667, 5, 1, 0, 0, 0, 0, 0, 0, 0.25, 0, 0.2, 0.2
13, 0.016666666666666663, 0.26111111111111107, 0.10833333333333332, 5, 1, 0, 0, 0, 1, 0.25, 0, 0.3333333333333333, 0, 0.25, 0.25, 0.2, 0.2
14, 0.041666666666666664, 0.36111111111111105, 0.1388888888888889, 5, 1, 0, 0, 1, 0, 0.3333333333333333, 0, 0.5, 0, 0.3333333333333333, 0.3333333333333333, 0.25, 0.25
15, 0.016666666666666677, 0.41111111111111126, 0.2444444444444445, 5, 1, 0, 1, 0, 0, 0.5, 0, 0.4, 0.4, 0.3333333333333333, 0.3333333333333333
16, 0.06666666666666665, 0.5222222222222221, 0.21666666666666665, 5, 1, 0, 1, 0, 1, 0.5, 0, 0.6666666666666666, 0, 0.5, 0.5, 0.4, 0.4
17, 0.041666666666666685, 0.638888888888889, 0.22222222222222232, 5, 1, 0, 1, 1, 0, 0.6666666666666666, 0, 0.75, 0, 0.6666666666666666, 0.3333333333333335, 0.5, 0.5
18, 0.041666666666666685, 0.8055555555555557, 0.11111111111111116, 5, 1, 0, 1, 1, 1, 0.75, 0, 1, 0, 0.6666666666666666, 0.3333333333333335
19, 0.06666666666666665, 0.7555555555555551, 0.36666666666666675, 5, 1, 1, 0, 1, 1, 1, 0, 0.6666666666666666, 0.6666666666666666, 0.6, 0.6, 0.6666666666666666, 0.3333333333333335
20, 0.01666666666666665, 0.5888888888888889, 0.47777777777777775, 5, 1, 1, 0, 1, 0, 0.6, 0.6, 0.5, 0.5, 0.6666666666666666, 0.3333333333333335
21, 0.041666666666666685, 0.8055555555555559, 0.4722222222222221, 5, 1, 1, 1, 0, 1, 1, 0, 0.75, 0.75, 0.6666666666666666, 0.6666666666666666
22, 0.025000000000000022, 0.8500000000000004, 0.516666666666667, 5, 1, 1, 1, 1, 0, 1, 0, 0.8, 0.8, 0.75, 0.75
23, 0.09999999999999998, 0.9333333333333332, 0.6, 5, 1, 1, 1, 1, 1, 1, 0, 1, 1, 0.8, 0.8
