nr, area, centroidx, centroidy, numBars, pixPerBar0, ..., pixPerBarN, vertex1x, vertex1y, vertex2x, ...
0, 0.07142857142857142, 0.047619047619047616, 0.38095238095238093, 7, 0, 0, 0, 0, 0, 0, 0, 0, 0, 0.14285714285714285, 0.14285714285714285, 0, 1
1, 0.011904761904761904, 0.10317460317460318, 0.43650793650793673, 7, 0, 0, 0, 0, 0, 0, 1, 0.14285714285714285, 0.14285714285714285, 0.16666666666666666, 0.16666666666666666, 0, 1
2, 0.016666666666666677, 0.12222222222222225, 0.45555555555555516, 7, 0, 0, 0, 0, 0, 1, 0, 0.16666666666666666, 0.16666666666666666, 0.2, 0.2, 0, 1
3, 0.024999999999999994, 0.15, 0.4833333333333335, 7, 0, 0, 0, 0, 1, 0, 0, 0.2, 0.2, 0.25, 0.25, 0, 1
4, 0.0357142857142857, 0.1785714285714286, 0.5535714285714288, 7, 0, 0, 0, 1, 0, 0, 0, 0.25, 0.25, 0.2857142857142857, 0.2857142857142857, 0.25, 0.5, 0, 1
5, 0.005952380952380952, 0.2896825396825397, 0.3730158730158729, 7, 0, 0, 0, 1, 0, 0, 1, 0.2857142857142857, 0.2857142857142857, 0.3333333333333333, 0.3333333333333333, 0.25, 0.5
6, 0.01666666666666667, 0.26111111111111107, 0.5861111111111109, 7, 0, 0, 1, 0, 0, 0, 1, 0.3333333333333333, 0.3333333333333333, 0.25, 0.75, 0.2, 0.8, 0.25, 0.5
7, 0.02500000000000001, 0.15000000000000005, 0.7666666666666667, 7, 0, 0, 1, 0, 0, 0, 0, 0.2, 0.8, 0, 1, 0.25, 0.5
8, 0.02500000000000001, 0.3277777777777777, 0.5314814814814817, 7, 0, 0, 1, 0, 0, 1, 0, 0.3333333333333333, 0.3333333333333333, 0.4, 0.4, 0.3333333333333333, 0.6666666666666667, 0.25, 0.75
9, 0.009523809523809532, 0.38730158730158715, 0.5317460317460316, 7, 0, 0, 1, 0, 1, 0, 0, 0.4, 0.4, 0.42857142857142855, 0.42857142857142855, 0.4, 0.6000000000000001, 0.3333333333333333, 0.6666666666666667
10, 0.007142857142857145, 0.44285714285714317, 0.5095238095238093, 7, 0, 0, 1, 0, 1, 0, 1, 0.42857142857142855, 0.42857142857142855, 0.5, 0.5, 0.4, 0.6000000000000001
11, 0.016666666666666663, 0.41111111111111065, 0.6999999999999991, 7, 0, 1, 0, 0, 1, 0, 1, 0.5, 0.5, 0.3333333333333333, 1, 0.4, 0.6000000000000001
12, 0.024999999999999994, 0.32777777777777795, 0.8296296296296299, 7, 0, 1, 0, 0, 1, 0, 0, 0.3333333333333333, 1, 0.25, 1, 0.3333333333333333, 0.6666666666666667, 0.4, 0.6000000000000001
13, 0.016666666666666663, 0.26111111111111107, 0.8472222222222222, 7, 0, 1, 0, 0, 0, 1, 0, 0.25, 1, 0.2, 1, 0.25, 0.75, 0.3333333333333333, 0.6666666666666667
14, 0.008333333333333331, 0.20555555555555555, 0.8833333333333334, 7, 0, 1, 0, 0, 0, 0, 1, 0.2, 1, 0.16666666666666666, 1, 0.2, 0.8, 0.25, 0.75
15, 0.016666666666666663, 0.12222222222222223, 0.9333333333333331, 7, 0, 1, 0, 0, 0, 0, 0, 0.16666666666666666, 1, 0, 1, 0.2, 0.8
16, 0.016666666666666663, 0.41111111111111165, 0.8333333333333339, 7, 0, 1, 0, 1, 0, 0, 1, 0.5, 0.5, 0.4, 1, 0.3333333333333333, 1
17, 0.042857142857142844, 0.49047619047619023, 0.7738095238095238, 7, 0, 1, 0, 1, 0, 1, 0, 0.5, 0.5, 0.5714285714285714, 0.5714285714285714, 0.5, 1, 0.4, 1
18, 0.007142857142857145, 0.5571428571428585, 0.7238095238095245, 7, 0, 1, 0, 1, 0, 1, 1, 0.5714285714285714, 0.5714285714285714, 0.6, 0.6, 0.5, 1
19, 0.016666666666666663, 0.5888888888888884, 0.7555555555555551, 7, 0, 1, 0, 1, 1, 0, 1, 0.6, 0.6, 0.6666666666666666, 0.6666666666666666, 0.5, 1
20, 0.016666666666666663, 0.5888888888888889, 0.8888888888888893, 7, 0, 1, 1, 0, 1, 0, 1, 0.6666666666666666, 0.6666666666666666, 0.6, 1, 0.5, 1
21, 0.019047619047619063, 0.6603174603174606, 0.8492063492063495, 7, 0, 1, 1, 0, 1, 1, 0, 0.6666666666666666, 0.6666666666666666, 0.7142857142857143, 0.7142857142857143, 0.6666666666666666, 1, 0.6, 1
22, 0.005952380952380931, 0.7103174603174599, 0.821428571428571, 7, 0, 1, 1, 0, 1, 1, 1, 0.7142857142857143, 0.7142857142857143, 0.75, 0.75, 0.6666666666666666, 1
23, 0.016666666666666663, 0.738888888888889, 0.8916666666666664, 7, 0, 1, 1, 1, 0, 1, 1, 0.75, 0.75, 0.8, 0.8, 0.75, 1, 0.6666666666666666, 1
24, 0.00833333333333336, 0.794444444444443, 0.9111111111111108, 7, 0, 1, 1, 1, 1, 0, 1, 0.8, 0.8, 0.8333333333333334, 0.8333333333333334, 0.8, 1, 0.75, 1
25, 0.004761904761904745, 0.8301587301587323, 0.9246031746031752, 7, 0, 1, 1, 1, 1, 1, 0, 0.8333333333333334, 0.8333333333333334, 0.8571428571428571, 0.8571428571428571, 0.8333333333333334, 1, 0.8, 1
26, 0.011904761904761918, 0.8968253968253971, 0.9523809523809516, 7, 0, 1, 1, 1, 1, 1, 1, 0.8571428571428571, 0.8571428571428571, 1, 1, 0.8333333333333334, 1
27, 0.011904761904761904, 0.10317460317460318, 0.047619047619047616, 7, 1, 0, 0, 0, 0, 0, 0, 0, 0, 0.16666666666666666, 0, 0.14285714285714285, 0.14285714285714285
28, 0.004761904761904762, 0.16984126984126985, 0.07539682539682539, 7, 1, 0, 0, 0, 0, 0, 1, 0.16666666666666666, 0, 0.2, 0, 0.16666666666666666, 0.16666666666666666, 0.14285714285714285, 0.14285714285714285
29, 0.008333333333333335, 0.20555555555555555, 0.08888888888888892, 7, 1, 0, 0, 0, 0, 1, 0, 0.2, 0, 0.25, 0, 0.2, 0.2, 0.16666666666666666, 0.16666666666666666
30, 0.016666666666666663, 0.26111111111111107, 0.10833333333333332, 7, 1, 0, 0, 0, 1, 0, 0, 0.25, 0, 0.3333333333333333, 0, 0.25, 0.25, 0.2, 0.2
31, 0.005952380952380952, 0.2896825396825399, 0.1785714285714285, 7, 1, 0, 0, 1, 0, 0, 0, 0.3333333333333333, 0, 0.2857142857142857, 0.2857142857142857, 0.25, 0.25
32, 0.01904761904761905, 0.3396825396825397, 0.15079365079365079, 7, 1, 0, 0, 1, 0, 0, 1, 0.3333333333333333, 0, 0.4, 0, 0.3333333333333333, 0.3333333333333333, 0.2857142857142857, 0.2857142857142857
33, 0.016666666666666663, 0.4111111111111109, 0.11111111111111116, 7, 1, 0, 0, 1, 0, 1, 0, 0.4, 0, 0.5, 0, 0.3333333333333333, 0.3333333333333333
34, 0.016666666666666677, 0.41111111111111126, 0.2444444444444445, 7, 1, 0, 1, 0, 0, 1, 0, 0.5, 0, 0.4, 0.4, 0.3333333333333333, 0.3333333333333333
35, 0.007142857142857131, 0.44285714285714306, 0.27619047619047604, 7, 1, 0, 1, 0, 1, 0, 0, 0.5, 0, 0.42857142857142855, 0.42857142857142855, 0.4, 0.4
36, 0.04285714285714286, 0.5095238095238096, 0.22619047619047622, 7, 1, 0, 1, 0, 1, 0, 1, 0.5, 0, 0.6, 0, 0.5, 0.5, 0.42857142857142855, 0.42857142857142855
37, 0.016666666666666663, 0.5888888888888884, 0.16666666666666666, 7, 1, 0, 1, 0, 1, 1, 0, 0.6, 0, 0.6666666666666666, 0, 0.5, 0.5
38, 0.01666666666666669, 0.5888888888888896, 0.3000000000000001, 7, 1, 0, 1, 1, 0, 1, 0, 0.6666666666666666, 0, 0.6, 0.40000000000000036, 0.5, 0.5
39, 0.024999999999999994, 0.6722222222222224, 0.1703703703703706, 7, 1, 0, 1, 1, 0, 1, 1, 0.6666666666666666, 0, 0.75, 0, 0.6666666666666666, 0.3333333333333335, 0.6, 0.40000000000000036
40, 0.016666666666666663, 0.7388888888888896, 0.15277777777777796, 7, 1, 0, 1, 1, 1, 0, 1, 0.75, 0, 0.8, 0, 0.75, 0.25, 0.6666666666666666, 0.3333333333333335
41, 0.008333333333333345, 0.7944444444444432, 0.1166666666666667, 7, 1, 0, 1, 1, 1, 1, 0, 0.8, 0, 0.8333333333333334, 0, 0.8, 0.20000000000000018, 0.75, 0.25
42, 0.016666666666666677, 0.8777777777777779, 0.06666666666666671, 7, 1, 0, 1, 1, 1, 1, 1, 0.8333333333333334, 0, 1, 0, 0.8, 0.20000000000000018
43, 0.024999999999999967, 0.8500000000000001, 0.23333333333333345, 7, 1, 1, 0, 1, 1, 1, 1, 1, 0, 0.75, 0.5, 0.8, 0.20000000000000018
44, 0.016666666666666663, 0.738888888888889, 0.41388888888888875, 7, 1, 1, 0, 1, 1, 1, 0, 0.75, 0.5, 0.6666666666666666, 0.6666666666666666, 0.75, 0.25, 0.8, 0.20000000000000018
45, 0.025000000000000022, 0.6722222222222216, 0.46851851851851845, 7, 1, 1, 0, 1, 1, 0, 1, 0.6666666666666666, 0.6666666666666666, 0.6, 0.6, 0.6666666666666666, 0.3333333333333335, 0.75, 0.25
46, 0.009523809523809518, 0.6126984126984123, 0.4682539682539681, 7, 1, 1, 0, 1, 0, 1, 1, 0.6, 0.6, 0.5714285714285714, 0.5714285714285714, 0.6, 0.40000000000000036, 0.6666666666666666, 0.3333333333333335
47, 0.0071428571428571175, 0.5571428571428564, 0.4904761904761907, 7, 1, 1, 0, 1, 0, 1, 0, 0.5714285714285714, 0.5714285714285714, 0.5, 0.5, 0.6, 0.40000000000000036
48, 0.0357142857142857, 0.8214285714285715, 0.4464285714285717, 7, 1, 1, 1, 0, 1, 1, 1, 1, 0, 0.75, 0.75, 0.7142857142857143, 0.7142857142857143, 0.75, 0.5
49, 0.005952380952380931, 0.710317460317463, 0.6269841269841289, 7, 1, 1, 1, 0, 1, 1, 0, 0.7142857142857143, 0.7142857142857143, 0.6666666666666666, 0.6666666666666666, 0.75, 0.5
50, 0.025000000000000022, 0.8500000000000004, 0.516666666666667, 7, 1, 1, 1, 1, 0, 1, 1, 1, 0, 0.8, 0.8, 0.75, 0.75
51, 0.016666666666666663, 0.8777777777777775, 0.5444444444444442, 7, 1, 1, 1, 1, 1, 0, 1, 1, 0, 0.8333333333333334, 0.8333333333333334, 0.8, 0.8
52, 0.011904761904761862, 0.8968253968253982, 0.5634920634920633, 7, 1, 1, 1, 1, 1, 1, 0, 1, 0, 0.8571428571428571, 0.8571428571428571, 0.8333333333333334, 0.8333333333333334
53, 0.07142857142857145, 0.9523809523809521, 0.619047619047619, 7, 1, 1, 1, 1, 1, 1, 1, 1, 0, 1, 1, 0.8571428571428571, 0.8571428571428571
