nr, area, centroidx, centroidy, numBars, pixPerBar0, ..., pixPerBarN, vertex1x, vertex1y, vertex2x, ...
0, 0.041666666666666664, 0.027777777777777776, 0.36111111111111105, 9, 0, 0, 0, 0, 0, 0, 0, 0, 0, 0, 0, 0.08333333333333333, 0.08333333333333333, 0, 1
1, 0.0037878787878787915, 0.05808080808080805, 0.3914141414141412, 9, 0, 0, 0, 0, 0, 0, 0, 0, 1, 0.08333333333333333, 0.08333333333333333, 0.09090909090909091, 0.09090909090909091, 0, 1
2, 0.004545454545454547, 0.06363636363636367, 0.39696969696969775, 9, 0, 0, 0, 0, 0, 0, 0, 1, 0, 0.09090909090909091, 0.09090909090909091, 0.1, 0.1, 0, 1
3, 0.00555555555555555, 0.07037037037037036, 0.4037037037037035, 9, 0, 0, 0, 0, 0, 0, 1, 0, 0, 0.1, 0.1, 0.1111111111111111, 0.1111111111111111, 0, 1
4, 0.015873015873015872, 0.08465608465608465, 0.41798941798941797, 9, 0, 0, 0, 0, 0, 1, 0, 0, 0, 0.1111111111111111, 0.1111111111111111, 0.14285714285714285, 0.14285714285714285, 0, 1
5, 0.03273809523809523, 0.0993867243867244, 0.5387806637806639, 9, 0, 0, 0, 0, 1, 0, 0, 0, 0, 0.14285714285714285, 0.14285714285714285, 0.16666666666666666, 0.16666666666666666, 0.125, 0.625, 0, 1
6, 0.00622294372294372, 0.1547226927661711, 0.3772899805508505, 9, 0, 0, 0, 0, 1, 0, 0, 0, 1, 0.16666666666666666, 0.16666666666666666, 0.18181818181818182, 0.18181818181818182, 0.14285714285714285, 0.5714285714285714, 0.125, 0.625
7, 0.006277056277056284, 0.17297606607951443, 0.3579788028063888, 9, 0, 0, 0, 0, 1, 0, 0, 1, 0, 0.18181818181818182, 0.18181818181818182, 0.2, 0.2, 0.16666666666666666, 0.5, 0.14285714285714285, 0.5714285714285714
8, 0.00555555555555555, 0.19629629629629622, 0.3296296296296295, 9, 0, 0, 0, 0, 1, 0, 1, 0, 0, 0.2, 0.2, 0.2222222222222222, 0.2222222222222222, 0.2, 0.3999999999999999, 0.16666666666666666, 0.5
9, 0.0027777777777777783, 0.22407407407407398, 0.29074074074074063, 9, 0, 0, 0, 0, 1, 1, 0, 0, 0, 0.2222222222222222, 0.2222222222222222, 0.25, 0.25, 0.2, 0.3999999999999999
10, 0.011111111111111106, 0.21018518518518506, 0.471296296296296, 9, 0, 0, 0, 1, 0, 1, 0, 0, 0, 0.25, 0.25, 0.2222222222222222, 0.5555555555555554, 0.16666666666666666, 0.6666666666666667, 0.2, 0.3999999999999999
11, 0.006313131313131312, 0.24831649831649838, 0.3927609427609429, 9, 0, 0, 0, 1, 0, 1, 0, 0, 1, 0.25, 0.25, 0.2727272727272727, 0.2727272727272727, 0.25, 0.5, 0.2222222222222222, 0.5555555555555554
12, 0.001623376623376624, 0.2694805194805188, 0.3528138528138522, 9, 0, 0, 0, 1, 0, 1, 0, 1, 0, 0.2727272727272727, 0.2727272727272727, 0.2857142857142857, 0.2857142857142857, 0.25, 0.5
13, 0.004761904761904766, 0.1698412698412699, 0.5658730158730158, 9, 0, 0, 0, 1, 0, 0, 1, 0, 0, 0.16666666666666666, 0.6666666666666667, 0.14285714285714285, 0.7142857142857142, 0.16666666666666666, 0.5, 0.2, 0.3999999999999999
14, 0.0029761904761904726, 0.1448412698412699, 0.6309523809523808, 9, 0, 0, 0, 1, 0, 0, 0, 1, 0, 0.14285714285714285, 0.7142857142857142, 0.125, 0.75, 0.14285714285714285, 0.5714285714285714, 0.16666666666666666, 0.5
15, 0.001984126984126991, 0.12632275132275114, 0.6789021164021154, 9, 0, 0, 0, 1, 0, 0, 0, 0, 1, 0.125, 0.75, 0.1111111111111111, 0.7777777777777777, 0.125, 0.625, 0.14285714285714285, 0.5714285714285714
16, 0.006944444444444434, 0.07870370370370372, 0.8009259259259264, 9, 0, 0, 0, 1, 0, 0, 0, 0, 0, 0.1111111111111111, 0.7777777777777777, 0, 1, 0.125, 0.625
17, 0.0035714285714285657, 0.2785714285714288, 0.3857142857142858, 9, 0, 0, 0, 1, 1, 0, 0, 1, 0, 0.2857142857142857, 0.2857142857142857, 0.3, 0.3, 0.2857142857142857, 0.4285714285714284, 0.25, 0.5
18, 0.0023809523809523794, 0.30634920634920665, 0.35396825396825354, 9, 0, 0, 0, 1, 1, 0, 1, 0, 0, 0.3, 0.3, 0.3333333333333333, 0.3333333333333333, 0.2857142857142857, 0.4285714285714284
19, 0.011904761904761918, 0.28968253968253976, 0.5515873015873014, 9, 0, 0, 1, 0, 1, 0, 1, 0, 0, 0.3333333333333333, 0.3333333333333333, 0.2857142857142857, 0.7142857142857144, 0.25, 0.75, 0.2857142857142857, 0.4285714285714284
20, 0.007936507936507936, 0.25264550264550273, 0.6104497354497349, 9, 0, 0, 1, 0, 1, 0, 0, 1, 0, 0.25, 0.75, 0.2222222222222222, 0.7777777777777777, 0.25, 0.5, 0.2857142857142857, 0.4285714285714284
21, 0.002777777777777768, 0.224074074074074, 0.6925925925925935, 9, 0, 0, 1, 0, 1, 0, 0, 0, 1, 0.2222222222222222, 0.7777777777777777, 0.2, 0.8, 0.25, 0.5
22, 0.0023809523809523864, 0.306349206349206, 0.5825396825396826, 9, 0, 0, 1, 0, 1, 1, 0, 0, 0, 0.3333333333333333, 0.3333333333333333, 0.3, 0.6999999999999997, 0.2857142857142857, 0.7142857142857144
23, 0.010606060606060591, 0.33232323232323246, 0.5132756132756138, 9, 0, 0, 1, 0, 1, 1, 0, 0, 1, 0.3333333333333333, 0.3333333333333333, 0.36363636363636365, 0.36363636363636365, 0.3333333333333333, 0.6666666666666665, 0.3, 0.6999999999999997
24, 0.010227272727272724, 0.3671997755331089, 0.5122615039281702, 9, 0, 0, 1, 0, 1, 1, 0, 1, 0, 0.36363636363636365, 0.36363636363636365, 0.4, 0.4, 0.375, 0.625, 0.3333333333333333, 0.6666666666666665
25, 0.00416666666666668, 0.39722222222222203, 0.5138888888888888, 9, 0, 0, 1, 0, 1, 1, 1, 0, 0, 0.4, 0.4, 0.4166666666666667, 0.4166666666666667, 0.4, 0.6000000000000001, 0.375, 0.625
26, 0.0011904761904761862, 0.4150793650793642, 0.4817460317460332, 9, 0, 0, 1, 0, 1, 1, 1, 0, 1, 0.4166666666666667, 0.4166666666666667, 0.42857142857142855, 0.42857142857142855, 0.4, 0.6000000000000001
27, 0.003174603174603191, 0.4243386243386237, 0.5148148148148137, 9, 0, 0, 1, 0, 2, 0, 1, 0, 1, 0.42857142857142855, 0.42857142857142855, 0.4444444444444444, 0.4444444444444444, 0.42857142857142855, 0.5714285714285716, 0.4, 0.6000000000000001
28, 0.0014430014430014543, 0.4425204425204414, 0.508658008658008, 9, 0, 0, 1, 0, 2, 1, 0, 0, 1, 0.4444444444444444, 0.4444444444444444, 0.45454545454545453, 0.45454545454545453, 0.4444444444444444, 0.5555555555555554, 0.42857142857142855, 0.5714285714285716
29, 0.0025252525252525138, 0.4663299663299664, 0.5033670033670039, 9, 0, 0, 1, 0, 2, 1, 0, 1, 0, 0.45454545454545453, 0.45454545454545453, 0.5, 0.5, 0.4444444444444444, 0.5555555555555554
30, 0.002777777777777782, 0.22407407407407412, 0.6185185185185179, 9, 0, 0, 1, 0, 0, 1, 0, 0, 1, 0.2, 0.8, 0.2222222222222222, 0.5555555555555554, 0.25, 0.5
31, 0.010317460317460336, 0.18408628408628402, 0.7204721204721204, 9, 0, 0, 1, 0, 0, 1, 0, 0, 0, 0.2, 0.8, 0.14285714285714285, 0.8571428571428572, 0.16666666666666666, 0.6666666666666667, 0.2222222222222222, 0.5555555555555554
32, 0.0029761904761904726, 0.14484126984126983, 0.7757936507936518, 9, 0, 0, 1, 0, 0, 0, 1, 0, 0, 0.14285714285714285, 0.8571428571428572, 0.125, 0.875, 0.14285714285714285, 0.7142857142857142, 0.16666666666666666, 0.6666666666666667
33, 0.001984126984126991, 0.12632275132275128, 0.805224867724867, 9, 0, 0, 1, 0, 0, 0, 0, 1, 0, 0.125, 0.875, 0.1111111111111111, 0.8888888888888888, 0.125, 0.75, 0.14285714285714285, 0.7142857142857142
34, 0.001388888888888891, 0.11203703703703706, 0.8277777777777772, 9, 0, 0, 1, 0, 0, 0, 0, 0, 1, 0.1111111111111111, 0.8888888888888888, 0.1, 0.8999999999999999, 0.1111111111111111, 0.7777777777777777, 0.125, 0.75
35, 0.00555555555555555, 0.07037037037037036, 0.8925925925925926, 9, 0, 0, 1, 0, 0, 0, 0, 0, 0, 0.1, 0.8999999999999999, 0, 1, 0.1111111111111111, 0.7777777777777777
36, 0.003968253968253982, 0.4576719576719574, 0.5899470899470897, 9, 0, 1, 0, 0, 2, 1, 0, 1, 0, 0.5, 0.5, 0.42857142857142855, 0.7142857142857144, 0.4444444444444444, 0.5555555555555554
37, 0.0031746031746031633, 0.42433862433862485, 0.6661375661375678, 9, 0, 1, 0, 0, 2, 1, 0, 0, 1, 0.42857142857142855, 0.7142857142857144, 0.4, 0.7999999999999998, 0.42857142857142855, 0.5714285714285716, 0.4444444444444444, 0.5555555555555554
38, 0.005357142857142838, 0.40119047619047615, 0.7043650793650797, 9, 0, 1, 0, 0, 2, 0, 1, 0, 1, 0.4, 0.7999999999999998, 0.375, 0.875, 0.4, 0.6000000000000001, 0.42857142857142855, 0.5714285714285716
39, 0.00416666666666668, 0.36944444444444274, 0.8249999999999976, 9, 0, 1, 0, 0, 2, 0, 1, 0, 0, 0.375, 0.875, 0.3333333333333333, 1, 0.4, 0.6000000000000001
40, 0.00416666666666668, 0.3694444444444455, 0.741666666666667, 9, 0, 1, 0, 0, 1, 1, 1, 0, 0, 0.3333333333333333, 1, 0.375, 0.625, 0.4, 0.6000000000000001
41, 0.012500000000000011, 0.3361111111111108, 0.8194444444444445, 9, 0, 1, 0, 0, 1, 1, 0, 1, 0, 0.3333333333333333, 1, 0.3, 1, 0.3333333333333333, 0.6666666666666665, 0.375, 0.625
42, 0.009090909090909108, 0.30202020202020186, 0.8388888888888881, 9, 0, 1, 0, 0, 1, 1, 0, 0, 1, 0.3, 1, 0.2727272727272727, 1, 0.3, 0.6999999999999997, 0.3333333333333333, 0.6666666666666665
43, 0.005194805194805169, 0.2757305194805201, 0.8672619047619069, 9, 0, 1, 0, 0, 1, 1, 0, 0, 0, 0.2727272727272727, 1, 0.25, 1, 0.2857142857142857, 0.7142857142857144, 0.3, 0.6999999999999997
44, 0.007936507936507936, 0.25264550264550273, 0.8630952380952384, 9, 0, 1, 0, 0, 1, 0, 1, 0, 0, 0.25, 1, 0.2222222222222222, 1, 0.25, 0.75, 0.2857142857142857, 0.7142857142857144
45, 0.005555555555555564, 0.22407407407407393, 0.879629629629629, 9, 0, 1, 0, 0, 1, 0, 0, 1, 0, 0.2222222222222222, 1, 0.2, 1, 0.2222222222222222, 0.7777777777777777, 0.25, 0.75
46, 0.004040404040404039, 0.2013468013468013, 0.8925925925925926, 9, 0, 1, 0, 0, 1, 0, 0, 0, 1, 0.2, 1, 0.18181818181818182, 1, 0.2, 0.8, 0.2222222222222222, 0.7777777777777777
47, 0.001515151515151511, 0.18282828282828267, 0.9333333333333342, 9, 0, 1, 0, 0, 1, 0, 0, 0, 0, 0.18181818181818182, 1, 0.16666666666666666, 1, 0.2, 0.8
48, 0.007738095238095231, 0.1602258852258853, 0.9113553113553113, 9, 0, 1, 0, 0, 0, 1, 0, 0, 0, 0.16666666666666666, 1, 0.125, 1, 0.14285714285714285, 0.8571428571428572, 0.2, 0.8
49, 0.001984126984126977, 0.12632275132275142, 0.9315476190476204, 9, 0, 1, 0, 0, 0, 0, 1, 0, 0, 0.125, 1, 0.1111111111111111, 1, 0.125, 0.875, 0.14285714285714285, 0.8571428571428572
50, 0.001388888888888891, 0.11203703703703696, 0.9398148148148144, 9, 0, 1, 0, 0, 0, 0, 0, 1, 0, 0.1111111111111111, 1, 0.1, 1, 0.1111111111111111, 0.8888888888888888, 0.125, 0.875
51, 0.0010101010101010166, 0.10067340067340046, 0.9462962962962946, 9, 0, 1, 0, 0, 0, 0, 0, 0, 1, 0.1, 1, 0.09090909090909091, 1, 0.1, 0.8999999999999999, 0.1111111111111111, 0.8888888888888888
52, 0.004545454545454547, 0.0636363636363636, 0.9666666666666667, 9, 0, 1, 0, 0, 0, 0, 0, 0, 0, 0.09090909090909091, 1, 0, 1, 0.1, 0.8999999999999999
53, 0.01825396825396823, 0.4460777547734073, 0.7960662525879921, 9, 0, 1, 0, 1, 1, 1, 0, 1, 0, 0.5, 0.5, 0.4444444444444444, 1, 0.4, 1, 0.42857142857142855, 0.7142857142857144
54, 0.005357142857142866, 0.4011904761904758, 0.8825396825396822, 9, 0, 1, 0, 1, 1, 1, 0, 0, 1, 0.4, 1, 0.375, 1, 0.4, 0.7999999999999998, 0.42857142857142855, 0.7142857142857144
55, 0.0025252525252525138, 0.4663299663299655, 0.8333333333333351, 9, 0, 1, 0, 1, 1, 1, 1, 0, 0, 0.5, 0.5, 0.45454545454545453, 1, 0.4444444444444444, 1
56, 0.022727272727272735, 0.5000000000000002, 0.757575757575758, 9, 0, 1, 0, 1, 1, 1, 1, 0, 1, 0.5, 0.5, 0.5454545454545454, 0.5454545454545454, 0.5, 1, 0.45454545454545453, 1
57, 0.0025252525252525415, 0.5336700336700323, 0.7003367003366989, 9, 0, 1, 0, 1, 1, 1, 1, 1, 0, 0.5454545454545454, 0.5454545454545454, 0.5555555555555556, 0.5555555555555556, 0.5, 1
58, 0.003968253968253954, 0.5423280423280411, 0.7089947089947078, 9, 0, 1, 0, 1, 1, 2, 0, 1, 0, 0.5555555555555556, 0.5555555555555556, 0.5714285714285714, 0.5714285714285714, 0.5, 1
59, 0.0022727272727272596, 0.37954545454545524, 0.9125000000000018, 9, 0, 1, 0, 1, 1, 0, 1, 0, 1, 0.375, 1, 0.36363636363636365, 1, 0.375, 0.875, 0.4, 0.7999999999999998
60, 0.0018939393939393923, 0.35732323232323265, 0.9583333333333346, 9, 0, 1, 0, 1, 1, 0, 1, 0, 0, 0.36363636363636365, 1, 0.3333333333333333, 1, 0.375, 0.875
61, 0.009920634920634913, 0.5478835978835983, 0.7923280423280427, 9, 0, 1, 0, 1, 2, 1, 0, 1, 0, 0.5714285714285714, 0.5714285714285714, 0.5833333333333334, 0.5833333333333334, 0.5555555555555556, 0.8888888888888884, 0.5, 1
62, 0.004365079365079322, 0.5781866281866294, 0.7239297739297739, 9, 0, 1, 0, 1, 2, 1, 0, 1, 1, 0.5833333333333334, 0.5833333333333334, 0.6, 0.6, 0.5714285714285714, 0.8571428571428568, 0.5555555555555556, 0.8888888888888884
63, 0.007629870129870153, 0.6052569770654871, 0.7137929446440066, 9, 0, 1, 0, 1, 2, 1, 1, 0, 1, 0.6, 0.6, 0.6363636363636364, 0.6363636363636364, 0.625, 0.75, 0.5714285714285714, 0.8571428571428568
64, 0.0018939393939393923, 0.642676767676768, 0.6843434343434346, 9, 0, 1, 0, 1, 2, 1, 1, 1, 0, 0.6363636363636364, 0.6363636363636364, 0.6666666666666666, 0.6666666666666666, 0.625, 0.75
65, 0.008333333333333304, 0.6305555555555553, 0.8472222222222231, 9, 0, 1, 1, 0, 2, 1, 1, 1, 0, 0.6666666666666666, 0.6666666666666666, 0.625, 1, 0.6, 1, 0.625, 0.75
66, 0.008531746031746057, 0.5901962593823056, 0.9000553709856025, 9, 0, 1, 1, 0, 2, 1, 1, 0, 1, 0.6, 1, 0.5555555555555556, 1, 0.5714285714285714, 0.8571428571428568, 0.625, 0.75
67, 0.0014430014430014682, 0.5574795574795565, 0.9338624338624261, 9, 0, 1, 1, 0, 2, 1, 0, 1, 1, 0.5555555555555556, 1, 0.5454545454545454, 1, 0.5555555555555556, 0.8888888888888884, 0.5714285714285714, 0.8571428571428568
68, 0.0025252525252525415, 0.5336700336700332, 0.9629629629629616, 9, 0, 1, 1, 0, 2, 1, 0, 1, 0, 0.5454545454545454, 1, 0.5, 1, 0.5555555555555556, 0.8888888888888884
69, 0.0018939393939393923, 0.6426767676767692, 0.8888888888888905, 9, 0, 1, 1, 0, 2, 2, 0, 1, 0, 0.6666666666666666, 0.6666666666666666, 0.6363636363636364, 1, 0.625, 1
70, 0.010606060606060591, 0.6676767676767686, 0.836507936507937, 9, 0, 1, 1, 0, 2, 2, 0, 1, 1, 0.6666666666666666, 0.6666666666666666, 0.7, 0.7, 0.6666666666666666, 1, 0.6363636363636364, 1
71, 0.0023809523809524002, 0.6936507936507929, 0.8047619047619066, 9, 0, 1, 1, 0, 2, 2, 1, 0, 1, 0.7, 0.7, 0.7142857142857143, 0.7142857142857143, 0.6666666666666666, 1
72, 0.0043290043290042934, 0.7027417027417026, 0.8376623376623366, 9, 0, 1, 1, 0, 3, 1, 1, 0, 1, 0.7142857142857143, 0.7142857142857143, 0.7272727272727273, 0.7272727272727273, 0.7142857142857143, 0.8571428571428568, 0.6666666666666666, 1
73, 0.0016233766233766378, 0.7305194805194792, 0.7781385281385272, 9, 0, 1, 1, 0, 3, 1, 1, 1, 0, 0.7272727272727273, 0.7272727272727273, 0.75, 0.75, 0.7142857142857143, 0.8571428571428568
74, 0.0051948051948051965, 0.7242694805194816, 0.9002976190476188, 9, 0, 1, 1, 1, 2, 1, 1, 1, 0, 0.75, 0.75, 0.7272727272727273, 1, 0.7, 1, 0.7142857142857143, 0.8571428571428568
75, 0.0063131313131312705, 0.7516835016835022, 0.8759259259259269, 9, 0, 1, 1, 1, 2, 1, 1, 1, 1, 0.75, 0.75, 0.7777777777777778, 0.7777777777777778, 0.75, 1, 0.7272727272727273, 1
76, 0.002380952380952428, 0.6936507936507906, 0.9523809523809462, 9, 0, 1, 1, 1, 2, 1, 1, 0, 1, 0.7, 1, 0.6666666666666666, 1, 0.7142857142857143, 0.8571428571428568
77, 0.005555555555555591, 0.7759259259259266, 0.8962962962962954, 9, 0, 1, 1, 1, 2, 2, 0, 1, 1, 0.7777777777777778, 0.7777777777777778, 0.8, 0.8, 0.7777777777777778, 1, 0.75, 1
78, 0.004040404040404011, 0.7986531986531986, 0.9060606060606086, 9, 0, 1, 1, 1, 2, 2, 1, 0, 1, 0.8, 0.8, 0.8181818181818182, 0.8181818181818182, 0.8, 1, 0.7777777777777778, 1
79, 0.00303030303030305, 0.8171717171717163, 0.9141414141414121, 9, 0, 1, 1, 1, 2, 2, 1, 1, 0, 0.8181818181818182, 0.8181818181818182, 0.8333333333333334, 0.8333333333333334, 0.8181818181818182, 1, 0.8, 1
80, 0.00324675324675322, 0.8362193362193384, 0.9153439153439189, 9, 0, 1, 1, 1, 2, 2, 1, 1, 1, 0.8333333333333334, 0.8333333333333334, 0.8571428571428571, 0.8571428571428571, 0.8333333333333334, 1, 0.8181818181818182, 1
81, 0.004960317460317498, 0.8625661375661352, 0.9375661375661344, 9, 0, 1, 1, 1, 3, 1, 1, 1, 1, 0.8571428571428571, 0.8571428571428571, 0.8888888888888888, 0.8888888888888888, 0.875, 1, 0.8333333333333334, 1
82, 0.001388888888888884, 0.8879629629629613, 0.948148148148148, 9, 0, 1, 1, 1, 3, 2, 0, 1, 1, 0.8888888888888888, 0.8888888888888888, 0.9, 0.9, 0.8888888888888888, 1, 0.875, 1
83, 0.0010101010101010166, 0.8993265993265984, 0.9530303030303026, 9, 0, 1, 1, 1, 3, 2, 1, 0, 1, 0.9, 0.9, 0.9090909090909091, 0.9090909090909091, 0.9, 1, 0.8888888888888888, 1
84, 0.0007575757575757347, 0.9085858585858655, 0.9570707070707152, 9, 0, 1, 1, 1, 3, 2, 1, 1, 0, 0.9090909090909091, 0.9090909090909091, 0.9166666666666666, 0.9166666666666666, 0.9090909090909091, 1, 0.9, 1
85, 0.0037878787878787845, 0.9419191919191933, 0.9722222222222227, 9, 0, 1, 1, 1, 3, 2, 1, 1, 1, 0.9166666666666666, 0.9166666666666666, 1, 1, 0.9090909090909091, 1
86, 0.003787878787878788, 0.05808080808080809, 0.027777777777777776, 9, 1, 0, 0, 0, 0, 0, 0, 0, 0, 0, 0, 0.09090909090909091, 0, 0.08333333333333333, 0.08333333333333333
87, 0.0007575757575757581, 0.0914141414141414, 0.04292929292929293, 9, 1, 0, 0, 0, 0, 0, 0, 0, 1, 0.09090909090909091, 0, 0.1, 0, 0.09090909090909091, 0.09090909090909091, 0.08333333333333333, 0.08333333333333333
88, 0.0010101010101010097, 0.10067340067340065, 0.046969696969696974, 9, 1, 0, 0, 0, 0, 0, 0, 1, 0, 0.1, 0, 0.1111111111111111, 0, 0.1, 0.1, 0.09090909090909091, 0.09090909090909091
89, 0.0013888888888888883, 0.11203703703703706, 0.051851851851851864, 9, 1, 0, 0, 0, 0, 0, 1, 0, 0, 0.1111111111111111, 0, 0.125, 0, 0.1111111111111111, 0.1111111111111111, 0.1, 0.1
90, 0.00496031746031746, 0.13743386243386246, 0.06243386243386242, 9, 1, 0, 0, 0, 0, 1, 0, 0, 0, 0.125, 0, 0.16666666666666666, 0, 0.14285714285714285, 0.14285714285714285, 0.1111111111111111, 0.1111111111111111
91, 0.003246753246753248, 0.1637806637806638, 0.08465608465608464, 9, 1, 0, 0, 0, 1, 0, 0, 0, 0, 0.16666666666666666, 0, 0.18181818181818182, 0, 0.16666666666666666, 0.16666666666666666, 0.14285714285714285, 0.14285714285714285
92, 0.0030303030303030325, 0.1828282828282828, 0.08585858585858586, 9, 1, 0, 0, 0, 1, 0, 0, 0, 1, 0.18181818181818182, 0, 0.2, 0, 0.18181818181818182, 0.18181818181818182, 0.16666666666666666, 0.16666666666666666
93, 0.004040404040404039, 0.2013468013468013, 0.09393939393939395, 9, 1, 0, 0, 0, 1, 0, 0, 1, 0, 0.2, 0, 0.2222222222222222, 0, 0.2, 0.2, 0.18181818181818182, 0.18181818181818182
94, 0.005555555555555553, 0.22407407407407412, 0.10370370370370373, 9, 1, 0, 0, 0, 1, 0, 1, 0, 0, 0.2222222222222222, 0, 0.25, 0, 0.2222222222222222, 0.2222222222222222, 0.2, 0.2
95, 0.006313131313131312, 0.24831649831649838, 0.12407407407407407, 9, 1, 0, 0, 0, 1, 1, 0, 0, 0, 0.25, 0, 0.2727272727272727, 0, 0.25, 0.25, 0.2222222222222222, 0.2222222222222222
96, 0.0051948051948051965, 0.2757305194805191, 0.0997023809523808, 9, 1, 0, 0, 0, 1, 1, 0, 0, 1, 0.2727272727272727, 0, 0.3, 0, 0.2857142857142857, 0.1428571428571428, 0.25, 0.25
97, 0.0023809523809523794, 0.30634920634920665, 0.047619047619047596, 9, 1, 0, 0, 0, 1, 1, 0, 1, 0, 0.3, 0, 0.3333333333333333, 0, 0.2857142857142857, 0.1428571428571428
98, 0.004329004329004335, 0.29725829725829733, 0.16233766233766223, 9, 1, 0, 0, 1, 0, 1, 0, 1, 0, 0.3333333333333333, 0, 0.2857142857142857, 0.2857142857142857, 0.2727272727272727, 0.2727272727272727, 0.2857142857142857, 0.1428571428571428
99, 0.0016233766233766204, 0.26948051948051943, 0.22186147186147195, 9, 1, 0, 0, 1, 0, 1, 0, 0, 1, 0.2727272727272727, 0.2727272727272727, 0.25, 0.25, 0.2857142857142857, 0.1428571428571428
100, 0.0023809523809523794, 0.3063492063492059, 0.19523809523809535, 9, 1, 0, 0, 1, 1, 0, 0, 1, 0, 0.3333333333333333, 0, 0.3, 0.3, 0.2857142857142857, 0.2857142857142857
101, 0.010606060606060612, 0.33232323232323246, 0.1634920634920634, 9, 1, 0, 0, 1, 1, 0, 1, 0, 0, 0.3333333333333333, 0, 0.36363636363636365, 0, 0.3333333333333333, 0.3333333333333333, 0.3, 0.3
102, 0.0018939393939393923, 0.3573232323232308, 0.11111111111111131, 9, 1, 0, 0, 1, 1, 0, 1, 0, 1, 0.36363636363636365, 0, 0.375, 0, 0.3333333333333333, 0.3333333333333333
103, 0.008333333333333331, 0.3694444444444451, 0.15277777777777796, 9, 1, 0, 0, 1, 1, 1, 0, 0, 1, 0.375, 0, 0.4, 0, 0.375, 0.25, 0.3333333333333333, 0.3333333333333333
104, 0.008531746031746008, 0.4098037406176941, 0.09994462901439631, 9, 1, 0, 0, 1, 1, 1, 0, 1, 0, 0.4, 0, 0.4444444444444444, 0, 0.42857142857142855, 0.14285714285714235, 0.375, 0.25
105, 0.0014430014430014404, 0.44252044252044165, 0.06613756613756563, 9, 1, 0, 0, 1, 1, 1, 1, 0, 0, 0.4444444444444444, 0, 0.45454545454545453, 0, 0.4444444444444444, 0.11111111111111072, 0.42857142857142855, 0.14285714285714235
106, 0.0025252525252525172, 0.46632996632996576, 0.03703703703703693, 9, 1, 0, 0, 1, 1, 1, 1, 0, 1, 0.45454545454545453, 0, 0.5, 0, 0.4444444444444444, 0.11111111111111072
107, 0.009920634920634941, 0.4521164021164022, 0.20767195767195726, 9, 1, 0, 1, 0, 1, 1, 1, 0, 1, 0.5, 0, 0.42857142857142855, 0.42857142857142855, 0.4166666666666667, 0.4166666666666667, 0.4444444444444444, 0.11111111111111072
108, 0.0043650793650793634, 0.4218133718133725, 0.2760702260702262, 9, 1, 0, 1, 0, 1, 1, 1, 0, 0, 0.4166666666666667, 0.4166666666666667, 0.4, 0.4, 0.42857142857142855, 0.14285714285714235, 0.4444444444444444, 0.11111111111111072
109, 0.007629870129870146, 0.39474302293451213, 0.2862070553559914, 9, 1, 0, 1, 0, 1, 1, 0, 1, 0, 0.4, 0.4, 0.36363636363636365, 0.36363636363636365, 0.375, 0.25, 0.42857142857142855, 0.14285714285714235
110, 0.0018939393939393853, 0.3573232323232333, 0.3156565656565665, 9, 1, 0, 1, 0, 1, 1, 0, 0, 1, 0.36363636363636365, 0.36363636363636365, 0.3333333333333333, 0.3333333333333333, 0.375, 0.25
111, 0.003968253968253968, 0.45767195767195723, 0.29100529100529116, 9, 1, 0, 1, 0, 2, 0, 1, 0, 1, 0.5, 0, 0.4444444444444444, 0.4444444444444444, 0.42857142857142855, 0.42857142857142855
112, 0.0025252525252525276, 0.4663299663299666, 0.299663299663299, 9, 1, 0, 1, 0, 2, 1, 0, 0, 1, 0.5, 0, 0.45454545454545453, 0.45454545454545453, 0.4444444444444444, 0.4444444444444444
113, 0.02272727272727272, 0.5000000000000001, 0.2424242424242425, 9, 1, 0, 1, 0, 2, 1, 0, 1, 0, 0.5, 0, 0.5454545454545454, 0, 0.5, 0.5, 0.45454545454545453, 0.45454545454545453
114, 0.0025252525252525415, 0.5336700336700323, 0.16666666666666666, 9, 1, 0, 1, 0, 2, 1, 0, 1, 1, 0.5454545454545454, 0, 0.5555555555555556, 0, 0.5, 0.5
115, 0.018253968253968245, 0.5539222452265923, 0.20393374741200798, 9, 1, 0, 1, 0, 2, 1, 1, 0, 1, 0.5555555555555556, 0, 0.6, 0, 0.5714285714285714, 0.2857142857142856, 0.5, 0.5
116, 0.005357142857142838, 0.5988095238095238, 0.11746031746031713, 9, 1, 0, 1, 0, 2, 1, 1, 1, 0, 0.6, 0, 0.625, 0, 0.6, 0.1999999999999993, 0.5714285714285714, 0.2857142857142856
117, 0.0022727272727272735, 0.620454545454546, 0.08749999999999977, 9, 1, 0, 1, 0, 2, 2, 0, 1, 0, 0.625, 0, 0.6363636363636364, 0, 0.625, 0.125, 0.6, 0.1999999999999993
118, 0.0018939393939393923, 0.6426767676767667, 0.041666666666666664, 9, 1, 0, 1, 0, 2, 2, 0, 1, 1, 0.6363636363636364, 0, 0.6666666666666666, 0, 0.625, 0.125
119, 0.004166666666666673, 0.6305555555555555, 0.1750000000000001, 9, 1, 0, 1, 1, 1, 2, 0, 1, 1, 0.6666666666666666, 0, 0.6, 0.40000000000000036, 0.625, 0.125
120, 0.005357142857142894, 0.5988095238095246, 0.29563492063492064, 9, 1, 0, 1, 1, 1, 2, 0, 1, 0, 0.6, 0.40000000000000036, 0.5714285714285714, 0.4285714285714288, 0.6, 0.1999999999999993, 0.625, 0.125
121, 0.003174603174603177, 0.5756613756613752, 0.3338624338624337, 9, 1, 0, 1, 1, 1, 1, 1, 1, 0, 0.5714285714285714, 0.4285714285714288, 0.5555555555555556, 0.44444444444444464, 0.5714285714285714, 0.2857142857142856, 0.6, 0.1999999999999993
122, 0.003968253968253982, 0.542328042328042, 0.4100529100529103, 9, 1, 0, 1, 1, 1, 1, 1, 0, 1, 0.5555555555555556, 0.44444444444444464, 0.5, 0.5, 0.5714285714285714, 0.2857142857142856
123, 0.00416666666666668, 0.6305555555555522, 0.25833333333333297, 9, 1, 0, 1, 1, 2, 1, 0, 1, 1, 0.6666666666666666, 0, 0.625, 0.375, 0.6, 0.40000000000000036
124, 0.012499999999999983, 0.66388888888889, 0.18055555555555552, 9, 1, 0, 1, 1, 2, 1, 1, 0, 1, 0.6666666666666666, 0, 0.7, 0, 0.6666666666666666, 0.33333333333333304, 0.625, 0.375
125, 0.009090909090909066, 0.6979797979797975, 0.16111111111111054, 9, 1, 0, 1, 1, 2, 1, 1, 1, 0, 0.7, 0, 0.7272727272727273, 0, 0.7, 0.29999999999999893, 0.6666666666666666, 0.33333333333333304
126, 0.005194805194805224, 0.7242694805194813, 0.1327380952380957, 9, 1, 0, 1, 1, 2, 1, 1, 1, 1, 0.7272727272727273, 0, 0.75, 0, 0.7142857142857143, 0.2857142857142865, 0.7, 0.29999999999999893
127, 0.007936507936507936, 0.747354497354496, 0.1369047619047621, 9, 1, 0, 1, 1, 2, 2, 0, 1, 1, 0.75, 0, 0.7777777777777778, 0, 0.75, 0.25, 0.7142857142857143, 0.2857142857142865
128, 0.005555555555555536, 0.7759259259259277, 0.12037037037037021, 9, 1, 0, 1, 1, 2, 2, 1, 0, 1, 0.7777777777777778, 0, 0.8, 0, 0.7777777777777778, 0.22222222222222143, 0.75, 0.25
129, 0.0040404040404040525, 0.798653198653195, 0.10740740740740737, 9, 1, 0, 1, 1, 2, 2, 1, 1, 0, 0.8, 0, 0.8181818181818182, 0, 0.8, 0.20000000000000018, 0.7777777777777778, 0.22222222222222143
130, 0.001515151515151511, 0.8171717171717208, 0.06666666666666651, 9, 1, 0, 1, 1, 2, 2, 1, 1, 1, 0.8181818181818182, 0, 0.8333333333333334, 0, 0.8, 0.20000000000000018
131, 0.007738095238095238, 0.839774114774116, 0.08864468864468876, 9, 1, 0, 1, 1, 3, 1, 1, 1, 1, 0.8333333333333334, 0, 0.875, 0, 0.8571428571428571, 0.14285714285714324, 0.8, 0.20000000000000018
132, 0.001984126984126977, 0.873677248677251, 0.06845238095238138, 9, 1, 0, 1, 1, 3, 2, 0, 1, 1, 0.875, 0, 0.8888888888888888, 0, 0.875, 0.125, 0.8571428571428571, 0.14285714285714324
133, 0.001388888888888884, 0.8879629629629613, 0.060185185185185, 9, 1, 0, 1, 1, 3, 2, 1, 0, 1, 0.8888888888888888, 0, 0.9, 0, 0.8888888888888888, 0.11111111111111072, 0.875, 0.125
134, 0.0010101010101010027, 0.8993265993266016, 0.0537037037037038, 9, 1, 0, 1, 1, 3, 2, 1, 1, 0, 0.9, 0, 0.9090909090909091, 0, 0.9, 0.09999999999999964, 0.8888888888888888, 0.11111111111111072
135, 0.004545454545454533, 0.9363636363636358, 0.033333333333333194, 9, 1, 0, 1, 1, 3, 2, 1, 1, 1, 0.9090909090909091, 0, 1, 0, 0.9, 0.09999999999999964
136, 0.005555555555555536, 0.9296296296296297, 0.1074074074074071, 9, 1, 1, 0, 1, 3, 2, 1, 1, 1, 1, 0, 0.8888888888888888, 0.22222222222222143, 0.9, 0.09999999999999964
137, 0.001388888888888884, 0.8879629629629613, 0.172222222222222, 9, 1, 1, 0, 1, 3, 2, 1, 1, 0, 0.8888888888888888, 0.22222222222222143, 0.875, 0.25, 0.8888888888888888, 0.11111111111111072, 0.9, 0.09999999999999964
138, 0.001984126984126991, 0.8736772486772449, 0.1947751322751313, 9, 1, 1, 0, 1, 3, 2, 1, 0, 1, 0.875, 0.25, 0.8571428571428571, 0.2857142857142847, 0.875, 0.125, 0.8888888888888888, 0.11111111111111072
139, 0.002976190476190438, 0.8551587301587317, 0.22420634920635008, 9, 1, 1, 0, 1, 3, 2, 0, 1, 1, 0.8571428571428571, 0.2857142857142847, 0.8333333333333334, 0.3333333333333339, 0.8571428571428571, 0.14285714285714324, 0.875, 0.125
140, 0.010317460317460295, 0.8159137159137161, 0.2795278795278796, 9, 1, 1, 0, 1, 3, 1, 1, 1, 1, 0.8333333333333334, 0.3333333333333339, 0.7777777777777778, 0.44444444444444287, 0.8, 0.20000000000000018, 0.8571428571428571, 0.14285714285714324
141, 0.0027777777777777263, 0.7759259259259277, 0.38148148148148137, 9, 1, 1, 0, 1, 3, 1, 1, 1, 0, 0.7777777777777778, 0.44444444444444287, 0.75, 0.5, 0.8, 0.20000000000000018
142, 0.0027777777777778095, 0.7759259259259277, 0.3074074074074061, 9, 1, 1, 0, 1, 2, 2, 1, 1, 0, 0.75, 0.5, 0.7777777777777778, 0.22222222222222143, 0.8, 0.20000000000000018
143, 0.007936507936507936, 0.747354497354496, 0.38955026455026454, 9, 1, 1, 0, 1, 2, 2, 1, 0, 1, 0.75, 0.5, 0.7142857142857143, 0.5714285714285712, 0.75, 0.25, 0.7777777777777778, 0.22222222222222143
144, 0.011904761904761862, 0.7103174603174615, 0.4484126984126987, 9, 1, 1, 0, 1, 2, 2, 0, 1, 1, 0.7142857142857143, 0.5714285714285712, 0.6666666666666666, 0.6666666666666666, 0.7142857142857143, 0.2857142857142865, 0.75, 0.25
145, 0.002380952380952428, 0.6936507936507926, 0.4174603174603159, 9, 1, 1, 0, 1, 2, 1, 1, 1, 1, 0.6666666666666666, 0.6666666666666666, 0.7, 0.29999999999999893, 0.7142857142857143, 0.2857142857142865
146, 0.010606060606060619, 0.6676767676767678, 0.48672438672438584, 9, 1, 1, 0, 1, 2, 1, 1, 1, 0, 0.6666666666666666, 0.6666666666666666, 0.6363636363636364, 0.6363636363636364, 0.6666666666666666, 0.33333333333333304, 0.7, 0.29999999999999893
147, 0.010227272727272696, 0.6328002244668912, 0.48773849607182984, 9, 1, 1, 0, 1, 2, 1, 1, 0, 1, 0.6363636363636364, 0.6363636363636364, 0.6, 0.6, 0.625, 0.375, 0.6666666666666666, 0.33333333333333304
148, 0.004166666666666652, 0.6027777777777797, 0.4861111111111122, 9, 1, 1, 0, 1, 2, 1, 0, 1, 1, 0.6, 0.6, 0.5833333333333334, 0.5833333333333334, 0.6, 0.40000000000000036, 0.625, 0.375
149, 0.001190476190476214, 0.5849206349206338, 0.5182539682539644, 9, 1, 1, 0, 1, 2, 1, 0, 1, 0, 0.5833333333333334, 0.5833333333333334, 0.5714285714285714, 0.5714285714285714, 0.6, 0.40000000000000036
150, 0.0031746031746031633, 0.5756613756613748, 0.4851851851851854, 9, 1, 1, 0, 1, 1, 2, 0, 1, 0, 0.5714285714285714, 0.5714285714285714, 0.5555555555555556, 0.5555555555555556, 0.5714285714285714, 0.4285714285714288, 0.6, 0.40000000000000036
151, 0.0014430014430014265, 0.5574795574795597, 0.4913419913419934, 9, 1, 1, 0, 1, 1, 1, 1, 1, 0, 0.5555555555555556, 0.5555555555555556, 0.5454545454545454, 0.5454545454545454, 0.5555555555555556, 0.44444444444444464, 0.5714285714285714, 0.4285714285714288
152, 0.0025252525252525276, 0.5336700336700325, 0.4966329966329961, 9, 1, 1, 0, 1, 1, 1, 1, 0, 1, 0.5454545454545454, 0.5454545454545454, 0.5, 0.5, 0.5555555555555556, 0.44444444444444464
153, 0.006944444444444503, 0.921296296296297, 0.19907407407407393, 9, 1, 1, 1, 0, 3, 2, 1, 1, 1, 1, 0, 0.875, 0.375, 0.8888888888888888, 0.22222222222222143
154, 0.001984126984126991, 0.8736772486772449, 0.32109788359788344, 9, 1, 1, 1, 0, 3, 2, 1, 1, 0, 0.875, 0.375, 0.8571428571428571, 0.4285714285714288, 0.875, 0.25, 0.8888888888888888, 0.22222222222222143
155, 0.0029761904761904934, 0.8551587301587329, 0.3690476190476193, 9, 1, 1, 1, 0, 3, 2, 1, 0, 1, 0.8571428571428571, 0.4285714285714288, 0.8333333333333334, 0.5, 0.8571428571428571, 0.2857142857142847, 0.875, 0.25
156, 0.004761904761904745, 0.8301587301587303, 0.4341269841269842, 9, 1, 1, 1, 0, 3, 2, 0, 1, 1, 0.8333333333333334, 0.5, 0.8, 0.5999999999999996, 0.8333333333333334, 0.3333333333333339, 0.8571428571428571, 0.2857142857142847
157, 0.011111111111111183, 0.7898148148148147, 0.528703703703703, 9, 1, 1, 1, 0, 3, 1, 1, 1, 1, 0.8, 0.5999999999999996, 0.75, 0.75, 0.7777777777777778, 0.44444444444444287, 0.8333333333333334, 0.3333333333333339
158, 0.006313131313131354, 0.7516835016834996, 0.6072390572390549, 9, 1, 1, 1, 0, 3, 1, 1, 1, 0, 0.75, 0.75, 0.7272727272727273, 0.7272727272727273, 0.75, 0.5, 0.7777777777777778, 0.44444444444444287
159, 0.00162337662337661, 0.7305194805194802, 0.6471861471861484, 9, 1, 1, 1, 0, 3, 1, 1, 0, 1, 0.7272727272727273, 0.7272727272727273, 0.7142857142857143, 0.7142857142857143, 0.75, 0.5
160, 0.0035714285714285587, 0.7214285714285735, 0.6142857142857161, 9, 1, 1, 1, 0, 2, 2, 1, 0, 1, 0.7142857142857143, 0.7142857142857143, 0.7, 0.7, 0.7142857142857143, 0.5714285714285712, 0.75, 0.5
161, 0.0023809523809524002, 0.6936507936507929, 0.6460317460317444, 9, 1, 1, 1, 0, 2, 2, 0, 1, 1, 0.7, 0.7, 0.6666666666666666, 0.6666666666666666, 0.7142857142857143, 0.5714285714285712
162, 0.03273809523809518, 0.9006132756132765, 0.4612193362193362, 9, 1, 1, 1, 1, 2, 2, 1, 1, 1, 1, 0, 0.8571428571428571, 0.8571428571428571, 0.8333333333333334, 0.8333333333333334, 0.875, 0.375
163, 0.006222943722943741, 0.8452773072338277, 0.6227100194491488, 9, 1, 1, 1, 1, 2, 2, 1, 1, 0, 0.8333333333333334, 0.8333333333333334, 0.8181818181818182, 0.8181818181818182, 0.8571428571428571, 0.4285714285714288, 0.875, 0.375
164, 0.00627705627705627, 0.8270239339204862, 0.6420211971936117, 9, 1, 1, 1, 1, 2, 2, 1, 0, 1, 0.8181818181818182, 0.8181818181818182, 0.8, 0.8, 0.8333333333333334, 0.5, 0.8571428571428571, 0.4285714285714288
165, 0.005555555555555591, 0.8037037037037029, 0.6703703703703696, 9, 1, 1, 1, 1, 2, 2, 0, 1, 1, 0.8, 0.8, 0.7777777777777778, 0.7777777777777778, 0.8, 0.5999999999999996, 0.8333333333333334, 0.5
166, 0.00277777777777774, 0.7759259259259305, 0.7092592592592625, 9, 1, 1, 1, 1, 2, 1, 1, 1, 1, 0.7777777777777778, 0.7777777777777778, 0.75, 0.75, 0.8, 0.5999999999999996
167, 0.015873015873015872, 0.9153439153439145, 0.5820105820105823, 9, 1, 1, 1, 1, 3, 1, 1, 1, 1, 1, 0, 0.8888888888888888, 0.8888888888888888, 0.8571428571428571, 0.8571428571428571
168, 0.005555555555555591, 0.9296296296296254, 0.5962962962962953, 9, 1, 1, 1, 1, 3, 2, 0, 1, 1, 1, 0, 0.9, 0.9, 0.8888888888888888, 0.8888888888888888
169, 0.004545454545454519, 0.9363636363636428, 0.6030303030303014, 9, 1, 1, 1, 1, 3, 2, 1, 0, 1, 1, 0, 0.9090909090909091, 0.9090909090909091, 0.9, 0.9
170, 0.0037878787878787845, 0.9419191919191823, 0.6085858585858587, 9, 1, 1, 1, 1, 3, 2, 1, 1, 0, 1, 0, 0.9166666666666666, 0.9166666666666666, 0.9090909090909091, 0.9090909090909091
171, 0.041666666666666685, 0.9722222222222228, 0.638888888888889, 9, 1, 1, 1, 1, 3, 2, 1, 1, 1, 1, 0, 1, 1, 0.9166666666666666, 0.9166666666666666
