nr, area, centroidx, centroidy, numBars, pixPerBar0, ..., pixPerBarN, vertex1x, vertex1y, vertex2x, ...
0, 0.041666666666666664, 0.027777777777777776, 0.36111111111111105, 9, 0, 0, 0, 0, 0, 0, 0, 0, 0, 0, 0, 0.08333333333333333, 0.08333333333333333, 0, 1
1, 0.0037878787878787915, 0.05808080808080805, 0.3914141414141412, 9, 0, 0, 0, 0, 0, 0, 0, 0, 1, 0.08333333333333333, 0.08333333333333333, 0.09090909090909091, 0.09090909090909091, 0, 1
2, 0.010101010101010097, 0.06734006734006735, 0.4006734006734009, 9, 0, 0, 0, 0, 0, 0, 0, 1, 0, 0.09090909090909091, 0.09090909090909091, 0.1111111111111111, 0.1111111111111111, 0, 1
3, 0.015873015873015872, 0.08465608465608465, 0.41798941798941797, 9, 0, 0, 0, 0, 0, 0, 1, 0, 0, 0.1111111111111111, 0.1111111111111111, 0.14285714285714285, 0.14285714285714285, 0, 1
4, 0.011904761904761904, 0.10317460317460318, 0.43650793650793673, 9, 0, 0, 0, 0, 0, 1, 0, 0, 0, 0.14285714285714285, 0.14285714285714285, 0.16666666666666666, 0.16666666666666666, 0, 1
5, 0.02083333333333333, 0.09722222222222224, 0.5972222222222222, 9, 0, 0, 0, 0, 1, 0, 0, 0, 0, 0.16666666666666666, 0.16666666666666666, 0.125, 0.625, 0, 1
6, 0.00622294372294372, 0.1547226927661711, 0.3772899805508505, 9, 0, 0, 0, 0, 1, 0, 0, 0, 1, 0.16666666666666666, 0.16666666666666666, 0.18181818181818182, 0.18181818181818182, 0.14285714285714285, 0.5714285714285714, 0.125, 0.625
7, 0.011832611832611827, 0.18392519855934492, 0.3446685202782762, 9, 0, 0, 0, 0, 1, 0, 0, 1, 0, 0.18181818181818182, 0.18181818181818182, 0.2222222222222222, 0.2222222222222222, 0.2, 0.3999999999999999, 0.14285714285714285, 0.5714285714285714
8, 0.0027777777777777783, 0.22407407407407398, 0.29074074074074063, 9, 0, 0, 0, 0, 1, 0, 1, 0, 0, 0.2222222222222222, 0.2222222222222222, 0.25, 0.25, 0.2, 0.3999999999999999
9, 0.011111111111111106, 0.21018518518518506, 0.471296296296296, 9, 0, 0, 0, 1, 0, 0, 1, 0, 0, 0.25, 0.25, 0.2222222222222222, 0.5555555555555554, 0.16666666666666666, 0.6666666666666667, 0.2, 0.3999999999999999
10, 0.006313131313131312, 0.24831649831649838, 0.3927609427609429, 9, 0, 0, 0, 1, 0, 0, 1, 0, 1, 0.25, 0.25, 0.2727272727272727, 0.2727272727272727, 0.25, 0.5, 0.2222222222222222, 0.5555555555555554
11, 0.001623376623376624, 0.2694805194805188, 0.3528138528138522, 9, 0, 0, 0, 1, 0, 0, 1, 1, 0, 0.2727272727272727, 0.2727272727272727, 0.2857142857142857, 0.2857142857142857, 0.25, 0.5
12, 0.007738095238095249, 0.16022588522588516, 0.5909035409035407, 9, 0, 0, 0, 1, 0, 0, 0, 1, 0, 0.16666666666666666, 0.6666666666666667, 0.125, 0.75, 0.14285714285714285, 0.5714285714285714, 0.2, 0.3999999999999999
13, 0.001984126984126991, 0.12632275132275114, 0.6789021164021154, 9, 0, 0, 0, 1, 0, 0, 0, 0, 1, 0.125, 0.75, 0.1111111111111111, 0.7777777777777777, 0.125, 0.625, 0.14285714285714285, 0.5714285714285714
14, 0.006944444444444434, 0.07870370370370372, 0.8009259259259264, 9, 0, 0, 0, 1, 0, 0, 0, 0, 0, 0.1111111111111111, 0.7777777777777777, 0, 1, 0.125, 0.625
15, 0.005952380952380952, 0.2896825396825397, 0.3730158730158729, 9, 0, 0, 0, 1, 0, 1, 0, 1, 0, 0.2857142857142857, 0.2857142857142857, 0.3333333333333333, 0.3333333333333333, 0.25, 0.5
16, 0.013888888888888902, 0.26851851851851843, 0.5648148148148143, 9, 0, 0, 1, 0, 0, 1, 0, 1, 0, 0.3333333333333333, 0.3333333333333333, 0.25, 0.75, 0.2222222222222222, 0.7777777777777777, 0.25, 0.5
17, 0.002777777777777768, 0.224074074074074, 0.6925925925925935, 9, 0, 0, 1, 0, 0, 1, 0, 0, 1, 0.2222222222222222, 0.7777777777777777, 0.2, 0.8, 0.25, 0.5
18, 0.002777777777777782, 0.22407407407407412, 0.6185185185185179, 9, 0, 0, 1, 0, 0, 0, 1, 0, 1, 0.2, 0.8, 0.2222222222222222, 0.5555555555555554, 0.25, 0.5
19, 0.010317460317460336, 0.18408628408628402, 0.7204721204721204, 9, 0, 0, 1, 0, 0, 0, 1, 0, 0, 0.2, 0.8, 0.14285714285714285, 0.8571428571428572, 0.16666666666666666, 0.6666666666666667, 0.2222222222222222, 0.5555555555555554
20, 0.00496031746031745, 0.1374338624338626, 0.7875661375661385, 9, 0, 0, 1, 0, 0, 0, 0, 1, 0, 0.14285714285714285, 0.8571428571428572, 0.1111111111111111, 0.8888888888888888, 0.125, 0.75, 0.16666666666666666, 0.6666666666666667
21, 0.001388888888888891, 0.11203703703703706, 0.8277777777777772, 9, 0, 0, 1, 0, 0, 0, 0, 0, 1, 0.1111111111111111, 0.8888888888888888, 0.1, 0.8999999999999999, 0.1111111111111111, 0.7777777777777777, 0.125, 0.75
22, 0.00555555555555555, 0.07037037037037036, 0.8925925925925926, 9, 0, 0, 1, 0, 0, 0, 0, 0, 0, 0.1, 0.8999999999999999, 0, 1, 0.1111111111111111, 0.7777777777777777
23, 0.005952380952380945, 0.2896825396825402, 0.5992063492063497, 9, 0, 0, 1, 0, 1, 0, 0, 1, 0, 0.3333333333333333, 0.3333333333333333, 0.2857142857142857, 0.7142857142857144, 0.25, 0.75
24, 0.0023809523809523864, 0.306349206349206, 0.5825396825396826, 9, 0, 0, 1, 0, 1, 0, 1, 0, 0, 0.3333333333333333, 0.3333333333333333, 0.3, 0.6999999999999997, 0.2857142857142857, 0.7142857142857144
25, 0.010606060606060591, 0.33232323232323246, 0.5132756132756138, 9, 0, 0, 1, 0, 1, 0, 1, 0, 1, 0.3333333333333333, 0.3333333333333333, 0.36363636363636365, 0.36363636363636365, 0.3333333333333333, 0.6666666666666665, 0.3, 0.6999999999999997
26, 0.014393939393939403, 0.3758904837852206, 0.5127325890483785, 9, 0, 0, 1, 0, 1, 0, 1, 1, 0, 0.36363636363636365, 0.36363636363636365, 0.4166666666666667, 0.4166666666666667, 0.4, 0.6000000000000001, 0.3333333333333333, 0.6666666666666665
27, 0.0011904761904761862, 0.4150793650793642, 0.4817460317460332, 9, 0, 0, 1, 0, 1, 0, 1, 1, 1, 0.4166666666666667, 0.4166666666666667, 0.42857142857142855, 0.42857142857142855, 0.4, 0.6000000000000001
28, 0.003174603174603191, 0.4243386243386237, 0.5148148148148137, 9, 0, 0, 1, 0, 1, 1, 0, 1, 1, 0.42857142857142855, 0.42857142857142855, 0.4444444444444444, 0.4444444444444444, 0.42857142857142855, 0.5714285714285716, 0.4, 0.6000000000000001
29, 0.0014430014430014543, 0.4425204425204414, 0.508658008658008, 9, 0, 0, 1, 0, 1, 1, 1, 0, 1, 0.4444444444444444, 0.4444444444444444, 0.45454545454545453, 0.45454545454545453, 0.4444444444444444, 0.5555555555555554, 0.42857142857142855, 0.5714285714285716
30, 0.0025252525252525138, 0.4663299663299664, 0.5033670033670039, 9, 0, 0, 1, 0, 1, 1, 1, 1, 0, 0.45454545454545453, 0.45454545454545453, 0.5, 0.5, 0.4444444444444444, 0.5555555555555554
31, 0.003968253968253982, 0.4576719576719574, 0.5899470899470897, 9, 0, 1, 0, 0, 1, 1, 1, 1, 0, 0.5, 0.5, 0.42857142857142855, 0.7142857142857144, 0.4444444444444444, 0.5555555555555554
32, 0.0031746031746031633, 0.42433862433862485, 0.6661375661375678, 9, 0, 1, 0, 0, 1, 1, 1, 0, 1, 0.42857142857142855, 0.7142857142857144, 0.4, 0.7999999999999998, 0.42857142857142855, 0.5714285714285716, 0.4444444444444444, 0.5555555555555554
33, 0.005357142857142838, 0.40119047619047615, 0.7043650793650797, 9, 0, 1, 0, 0, 1, 1, 0, 1, 1, 0.4, 0.7999999999999998, 0.375, 0.875, 0.4, 0.6000000000000001, 0.42857142857142855, 0.5714285714285716
34, 0.00416666666666668, 0.36944444444444274, 0.8249999999999976, 9, 0, 1, 0, 0, 1, 1, 0, 1, 0, 0.375, 0.875, 0.3333333333333333, 1, 0.4, 0.6000000000000001
35, 0.01666666666666669, 0.3444444444444445, 0.8000000000000002, 9, 0, 1, 0, 0, 1, 0, 1, 1, 0, 0.3333333333333333, 1, 0.3, 1, 0.3333333333333333, 0.6666666666666665, 0.4, 0.6000000000000001
36, 0.009090909090909108, 0.30202020202020186, 0.8388888888888881, 9, 0, 1, 0, 0, 1, 0, 1, 0, 1, 0.3, 1, 0.2727272727272727, 1, 0.3, 0.6999999999999997, 0.3333333333333333, 0.6666666666666665
37, 0.005194805194805169, 0.2757305194805201, 0.8672619047619069, 9, 0, 1, 0, 0, 1, 0, 1, 0, 0, 0.2727272727272727, 1, 0.25, 1, 0.2857142857142857, 0.7142857142857144, 0.3, 0.6999999999999997
38, 0.010714285714285718, 0.24523809523809517, 0.8769841269841269, 9, 0, 1, 0, 0, 1, 0, 0, 1, 0, 0.25, 1, 0.2, 1, 0.25, 0.75, 0.2857142857142857, 0.7142857142857144
39, 0.002777777777777782, 0.22407407407407412, 0.8425925925925924, 9, 0, 1, 0, 0, 0, 1, 0, 1, 0, 0.2, 1, 0.2222222222222222, 0.7777777777777777, 0.25, 0.75
40, 0.004040404040404039, 0.2013468013468013, 0.8925925925925926, 9, 0, 1, 0, 0, 0, 1, 0, 0, 1, 0.2, 1, 0.18181818181818182, 1, 0.2, 0.8, 0.2222222222222222, 0.7777777777777777
41, 0.001515151515151511, 0.18282828282828267, 0.9333333333333342, 9, 0, 1, 0, 0, 0, 1, 0, 0, 0, 0.18181818181818182, 1, 0.16666666666666666, 1, 0.2, 0.8
42, 0.007738095238095231, 0.1602258852258853, 0.9113553113553113, 9, 0, 1, 0, 0, 0, 0, 1, 0, 0, 0.16666666666666666, 1, 0.125, 1, 0.14285714285714285, 0.8571428571428572, 0.2, 0.8
43, 0.003373015873015875, 0.12044039838157479, 0.9349517584811703, 9, 0, 1, 0, 0, 0, 0, 0, 1, 0, 0.125, 1, 0.1, 1, 0.1111111111111111, 0.8888888888888888, 0.14285714285714285, 0.8571428571428572
44, 0.0010101010101010166, 0.10067340067340046, 0.9462962962962946, 9, 0, 1, 0, 0, 0, 0, 0, 0, 1, 0.1, 1, 0.09090909090909091, 1, 0.1, 0.8999999999999999, 0.1111111111111111, 0.8888888888888888
45, 0.004545454545454547, 0.0636363636363636, 0.9666666666666667, 9, 0, 1, 0, 0, 0, 0, 0, 0, 0, 0.09090909090909091, 1, 0, 1, 0.1, 0.8999999999999999
46, 0.007142857142857131, 0.44285714285714434, 0.7380952380952378, 9, 0, 1, 0, 1, 0, 1, 1, 1, 0, 0.5, 0.5, 0.4, 1, 0.42857142857142855, 0.7142857142857144
47, 0.005357142857142866, 0.4011904761904758, 0.8825396825396822, 9, 0, 1, 0, 1, 0, 1, 1, 0, 1, 0.4, 1, 0.375, 1, 0.4, 0.7999999999999998, 0.42857142857142855, 0.7142857142857144
48, 0.0022727272727272596, 0.37954545454545524, 0.9125000000000018, 9, 0, 1, 0, 1, 0, 1, 0, 1, 1, 0.375, 1, 0.36363636363636365, 1, 0.375, 0.875, 0.4, 0.7999999999999998
49, 0.0018939393939393923, 0.35732323232323265, 0.9583333333333346, 9, 0, 1, 0, 1, 0, 1, 0, 1, 0, 0.36363636363636365, 1, 0.3333333333333333, 1, 0.375, 0.875
50, 0.013636363636363613, 0.451515151515151, 0.833333333333334, 9, 0, 1, 0, 1, 1, 0, 1, 1, 0, 0.5, 0.5, 0.45454545454545453, 1, 0.4, 1
51, 0.022727272727272735, 0.5000000000000002, 0.757575757575758, 9, 0, 1, 0, 1, 1, 0, 1, 1, 1, 0.5, 0.5, 0.5454545454545454, 0.5454545454545454, 0.5, 1, 0.45454545454545453, 1
52, 0.0025252525252525415, 0.5336700336700323, 0.7003367003366989, 9, 0, 1, 0, 1, 1, 0, 1, 2, 0, 0.5454545454545454, 0.5454545454545454, 0.5555555555555556, 0.5555555555555556, 0.5, 1
53, 0.003968253968253954, 0.5423280423280411, 0.7089947089947078, 9, 0, 1, 0, 1, 1, 0, 2, 1, 0, 0.5555555555555556, 0.5555555555555556, 0.5714285714285714, 0.5714285714285714, 0.5, 1
54, 0.009920634920634913, 0.5478835978835983, 0.7923280423280427, 9, 0, 1, 0, 1, 1, 1, 1, 1, 0, 0.5714285714285714, 0.5714285714285714, 0.5833333333333334, 0.5833333333333334, 0.5555555555555556, 0.8888888888888884, 0.5, 1
55, 0.011994949494949503, 0.5954058125110752, 0.7174818359028875, 9, 0, 1, 0, 1, 1, 1, 1, 1, 1, 0.5833333333333334, 0.5833333333333334, 0.6363636363636364, 0.6363636363636364, 0.625, 0.75, 0.5555555555555556, 0.8888888888888884
56, 0.0018939393939393923, 0.642676767676768, 0.6843434343434346, 9, 0, 1, 0, 1, 1, 1, 1, 2, 0, 0.6363636363636364, 0.6363636363636364, 0.6666666666666666, 0.6666666666666666, 0.625, 0.75
57, 0.004166666666666624, 0.6305555555555562, 0.8055555555555581, 9, 0, 1, 1, 0, 1, 1, 1, 2, 0, 0.6666666666666666, 0.6666666666666666, 0.6, 1, 0.625, 0.75
58, 0.009974747474747497, 0.5854632826151813, 0.9049460853258318, 9, 0, 1, 1, 0, 1, 1, 1, 1, 1, 0.6, 1, 0.5454545454545454, 1, 0.5555555555555556, 0.8888888888888884, 0.625, 0.75
59, 0.0025252525252525415, 0.5336700336700332, 0.9629629629629616, 9, 0, 1, 1, 0, 1, 1, 1, 1, 0, 0.5454545454545454, 1, 0.5, 1, 0.5555555555555556, 0.8888888888888884
60, 0.00416666666666668, 0.6305555555555544, 0.8888888888888874, 9, 0, 1, 1, 0, 2, 0, 1, 2, 0, 0.6666666666666666, 0.6666666666666666, 0.625, 1, 0.6, 1
61, 0.0018939393939393923, 0.6426767676767692, 0.8888888888888905, 9, 0, 1, 1, 0, 2, 0, 2, 1, 0, 0.6666666666666666, 0.6666666666666666, 0.6363636363636364, 1, 0.625, 1
62, 0.012987012987012991, 0.6724386724386732, 0.8306878306878314, 9, 0, 1, 1, 0, 2, 0, 2, 1, 1, 0.6666666666666666, 0.6666666666666666, 0.7142857142857143, 0.7142857142857143, 0.6666666666666666, 1, 0.6363636363636364, 1
63, 0.0043290043290042934, 0.7027417027417026, 0.8376623376623366, 9, 0, 1, 1, 0, 2, 1, 1, 1, 1, 0.7142857142857143, 0.7142857142857143, 0.7272727272727273, 0.7272727272727273, 0.7142857142857143, 0.8571428571428568, 0.6666666666666666, 1
64, 0.0016233766233766378, 0.7305194805194792, 0.7781385281385272, 9, 0, 1, 1, 0, 2, 1, 1, 2, 0, 0.7272727272727273, 0.7272727272727273, 0.75, 0.75, 0.7142857142857143, 0.8571428571428568
65, 0.0051948051948051965, 0.7242694805194816, 0.9002976190476188, 9, 0, 1, 1, 1, 1, 1, 1, 2, 0, 0.75, 0.75, 0.7272727272727273, 1, 0.7, 1, 0.7142857142857143, 0.8571428571428568
66, 0.0063131313131312705, 0.7516835016835022, 0.8759259259259269, 9, 0, 1, 1, 1, 1, 1, 1, 2, 1, 0.75, 0.75, 0.7777777777777778, 0.7777777777777778, 0.75, 1, 0.7272727272727273, 1
67, 0.002380952380952428, 0.6936507936507906, 0.9523809523809462, 9, 0, 1, 1, 1, 1, 1, 1, 1, 1, 0.7, 1, 0.6666666666666666, 1, 0.7142857142857143, 0.8571428571428568
68, 0.009595959595959602, 0.7854953039163568, 0.9004075846181114, 9, 0, 1, 1, 1, 1, 1, 2, 1, 1, 0.7777777777777778, 0.7777777777777778, 0.8181818181818182, 0.8181818181818182, 0.8, 1, 0.75, 1
69, 0.001515151515151525, 0.8171717171717133, 0.8838383838383861, 9, 0, 1, 1, 1, 1, 1, 2, 2, 0, 0.8181818181818182, 0.8181818181818182, 0.8333333333333334, 0.8333333333333334, 0.8, 1
70, 0.001515151515151525, 0.8171717171717194, 0.9444444444444383, 9, 0, 1, 1, 1, 2, 0, 2, 2, 0, 0.8333333333333334, 0.8333333333333334, 0.8181818181818182, 1, 0.8, 1
71, 0.00324675324675322, 0.8362193362193384, 0.9153439153439189, 9, 0, 1, 1, 1, 2, 0, 2, 2, 1, 0.8333333333333334, 0.8333333333333334, 0.8571428571428571, 0.8571428571428571, 0.8333333333333334, 1, 0.8181818181818182, 1
72, 0.004960317460317498, 0.8625661375661352, 0.9375661375661344, 9, 0, 1, 1, 1, 2, 1, 1, 2, 1, 0.8571428571428571, 0.8571428571428571, 0.8888888888888888, 0.8888888888888888, 0.875, 1, 0.8333333333333334, 1
73, 0.0023989898989899006, 0.892747651958177, 0.9502037923090553, 9, 0, 1, 1, 1, 2, 1, 2, 1, 1, 0.8888888888888888, 0.8888888888888888, 0.9090909090909091, 0.9090909090909091, 0.9, 1, 0.875, 1
74, 0.0007575757575757347, 0.9085858585858655, 0.9570707070707152, 9, 0, 1, 1, 1, 2, 1, 2, 2, 0, 0.9090909090909091, 0.9090909090909091, 0.9166666666666666, 0.9166666666666666, 0.9090909090909091, 1, 0.9, 1
75, 0.0037878787878787845, 0.9419191919191933, 0.9722222222222227, 9, 0, 1, 1, 1, 2, 1, 2, 2, 1, 0.9166666666666666, 0.9166666666666666, 1, 1, 0.9090909090909091, 1
76, 0.003787878787878788, 0.05808080808080809, 0.027777777777777776, 9, 1, 0, 0, 0, 0, 0, 0, 0, 0, 0, 0, 0.09090909090909091, 0, 0.08333333333333333, 0.08333333333333333
77, 0.0007575757575757581, 0.0914141414141414, 0.04292929292929293, 9, 1, 0, 0, 0, 0, 0, 0, 0, 1, 0.09090909090909091, 0, 0.1, 0, 0.09090909090909091, 0.09090909090909091, 0.08333333333333333, 0.08333333333333333
78, 0.002398989898989898, 0.10725234804182172, 0.04979620769094454, 9, 1, 0, 0, 0, 0, 0, 0, 1, 0, 0.1, 0, 0.125, 0, 0.1111111111111111, 0.1111111111111111, 0.09090909090909091, 0.09090909090909091
79, 0.00496031746031746, 0.13743386243386246, 0.06243386243386242, 9, 1, 0, 0, 0, 0, 0, 1, 0, 0, 0.125, 0, 0.16666666666666666, 0, 0.14285714285714285, 0.14285714285714285, 0.1111111111111111, 0.1111111111111111
80, 0.003246753246753248, 0.1637806637806638, 0.08465608465608464, 9, 1, 0, 0, 0, 0, 1, 0, 0, 0, 0.16666666666666666, 0, 0.18181818181818182, 0, 0.16666666666666666, 0.16666666666666666, 0.14285714285714285, 0.14285714285714285
81, 0.0015151515151515145, 0.1828282828282828, 0.05555555555555555, 9, 1, 0, 0, 0, 0, 1, 0, 0, 1, 0.18181818181818182, 0, 0.2, 0, 0.16666666666666666, 0.16666666666666666
82, 0.001515151515151518, 0.18282828282828278, 0.11616161616161609, 9, 1, 0, 0, 0, 1, 0, 0, 0, 1, 0.2, 0, 0.18181818181818182, 0.18181818181818182, 0.16666666666666666, 0.16666666666666666
83, 0.009595959595959592, 0.21450469608364345, 0.09959241538188908, 9, 1, 0, 0, 0, 1, 0, 0, 1, 0, 0.2, 0, 0.25, 0, 0.2222222222222222, 0.2222222222222222, 0.18181818181818182, 0.18181818181818182
84, 0.006313131313131312, 0.24831649831649838, 0.12407407407407407, 9, 1, 0, 0, 0, 1, 0, 1, 0, 0, 0.25, 0, 0.2727272727272727, 0, 0.25, 0.25, 0.2222222222222222, 0.2222222222222222
85, 0.0051948051948051965, 0.2757305194805191, 0.0997023809523808, 9, 1, 0, 0, 0, 1, 0, 1, 0, 1, 0.2727272727272727, 0, 0.3, 0, 0.2857142857142857, 0.1428571428571428, 0.25, 0.25
86, 0.0023809523809523794, 0.30634920634920665, 0.047619047619047596, 9, 1, 0, 0, 0, 1, 0, 1, 1, 0, 0.3, 0, 0.3333333333333333, 0, 0.2857142857142857, 0.1428571428571428
87, 0.004329004329004335, 0.29725829725829733, 0.16233766233766223, 9, 1, 0, 0, 1, 0, 0, 1, 1, 0, 0.3333333333333333, 0, 0.2857142857142857, 0.2857142857142857, 0.2727272727272727, 0.2727272727272727, 0.2857142857142857, 0.1428571428571428
88, 0.0016233766233766204, 0.26948051948051943, 0.22186147186147195, 9, 1, 0, 0, 1, 0, 0, 1, 0, 1, 0.2727272727272727, 0.2727272727272727, 0.25, 0.25, 0.2857142857142857, 0.1428571428571428
89, 0.012987012987012991, 0.3275613275613276, 0.16931216931216928, 9, 1, 0, 0, 1, 0, 1, 0, 1, 0, 0.3333333333333333, 0, 0.36363636363636365, 0, 0.3333333333333333, 0.3333333333333333, 0.2857142857142857, 0.2857142857142857
90, 0.0018939393939393923, 0.3573232323232308, 0.11111111111111131, 9, 1, 0, 0, 1, 0, 1, 0, 1, 1, 0.36363636363636365, 0, 0.375, 0, 0.3333333333333333, 0.3333333333333333
91, 0.004166666666666666, 0.3694444444444451, 0.11111111111111102, 9, 1, 0, 0, 1, 0, 1, 1, 0, 1, 0.375, 0, 0.4, 0, 0.3333333333333333, 0.3333333333333333
92, 0.004166666666666666, 0.3694444444444451, 0.19444444444444492, 9, 1, 0, 0, 1, 1, 0, 1, 0, 1, 0.4, 0, 0.375, 0.25, 0.3333333333333333, 0.3333333333333333
93, 0.009974747474747456, 0.41453671738481856, 0.09505391467416775, 9, 1, 0, 0, 1, 1, 0, 1, 1, 0, 0.4, 0, 0.45454545454545453, 0, 0.4444444444444444, 0.11111111111111072, 0.375, 0.25
94, 0.0025252525252525172, 0.46632996632996576, 0.03703703703703693, 9, 1, 0, 0, 1, 1, 0, 1, 1, 1, 0.45454545454545453, 0, 0.5, 0, 0.4444444444444444, 0.11111111111111072
95, 0.009920634920634941, 0.4521164021164022, 0.20767195767195726, 9, 1, 0, 1, 0, 1, 0, 1, 1, 1, 0.5, 0, 0.42857142857142855, 0.42857142857142855, 0.4166666666666667, 0.4166666666666667, 0.4444444444444444, 0.11111111111111072
96, 0.011994949494949503, 0.4045941874889243, 0.2825181640971115, 9, 1, 0, 1, 0, 1, 0, 1, 1, 0, 0.4166666666666667, 0.4166666666666667, 0.36363636363636365, 0.36363636363636365, 0.375, 0.25, 0.4444444444444444, 0.11111111111111072
97, 0.0018939393939393853, 0.3573232323232333, 0.3156565656565665, 9, 1, 0, 1, 0, 1, 0, 1, 0, 1, 0.36363636363636365, 0.36363636363636365, 0.3333333333333333, 0.3333333333333333, 0.375, 0.25
98, 0.003968253968253968, 0.45767195767195723, 0.29100529100529116, 9, 1, 0, 1, 0, 1, 1, 0, 1, 1, 0.5, 0, 0.4444444444444444, 0.4444444444444444, 0.42857142857142855, 0.42857142857142855
99, 0.0025252525252525276, 0.4663299663299666, 0.299663299663299, 9, 1, 0, 1, 0, 1, 1, 1, 0, 1, 0.5, 0, 0.45454545454545453, 0.45454545454545453, 0.4444444444444444, 0.4444444444444444
100, 0.02272727272727272, 0.5000000000000001, 0.2424242424242425, 9, 1, 0, 1, 0, 1, 1, 1, 1, 0, 0.5, 0, 0.5454545454545454, 0, 0.5, 0.5, 0.45454545454545453, 0.45454545454545453
101, 0.013636363636363641, 0.5484848484848486, 0.16666666666666666, 9, 1, 0, 1, 0, 1, 1, 1, 1, 1, 0.5454545454545454, 0, 0.6, 0, 0.5, 0.5
102, 0.007142857142857145, 0.5571428571428546, 0.2619047619047611, 9, 1, 0, 1, 0, 2, 0, 1, 1, 1, 0.6, 0, 0.5714285714285714, 0.2857142857142856, 0.5, 0.5
103, 0.005357142857142838, 0.5988095238095238, 0.11746031746031713, 9, 1, 0, 1, 0, 2, 0, 1, 2, 0, 0.6, 0, 0.625, 0, 0.6, 0.1999999999999993, 0.5714285714285714, 0.2857142857142856
104, 0.0022727272727272735, 0.620454545454546, 0.08749999999999977, 9, 1, 0, 1, 0, 2, 0, 2, 1, 0, 0.625, 0, 0.6363636363636364, 0, 0.625, 0.125, 0.6, 0.1999999999999993
105, 0.0018939393939393923, 0.6426767676767667, 0.041666666666666664, 9, 1, 0, 1, 0, 2, 0, 2, 1, 1, 0.6363636363636364, 0, 0.6666666666666666, 0, 0.625, 0.125
106, 0.004166666666666673, 0.6305555555555555, 0.1750000000000001, 9, 1, 0, 1, 1, 1, 0, 2, 1, 1, 0.6666666666666666, 0, 0.6, 0.40000000000000036, 0.625, 0.125
107, 0.005357142857142894, 0.5988095238095246, 0.29563492063492064, 9, 1, 0, 1, 1, 1, 0, 2, 1, 0, 0.6, 0.40000000000000036, 0.5714285714285714, 0.4285714285714288, 0.6, 0.1999999999999993, 0.625, 0.125
108, 0.003174603174603177, 0.5756613756613752, 0.3338624338624337, 9, 1, 0, 1, 1, 1, 0, 1, 2, 0, 0.5714285714285714, 0.4285714285714288, 0.5555555555555556, 0.44444444444444464, 0.5714285714285714, 0.2857142857142856, 0.6, 0.1999999999999993
109, 0.003968253968253982, 0.542328042328042, 0.4100529100529103, 9, 1, 0, 1, 1, 1, 0, 1, 1, 1, 0.5555555555555556, 0.44444444444444464, 0.5, 0.5, 0.5714285714285714, 0.2857142857142856
110, 0.016666666666666635, 0.655555555555556, 0.2, 9, 1, 0, 1, 1, 1, 1, 1, 1, 1, 0.6666666666666666, 0, 0.7, 0, 0.6666666666666666, 0.33333333333333304, 0.6, 0.40000000000000036
111, 0.009090909090909066, 0.6979797979797975, 0.16111111111111054, 9, 1, 0, 1, 1, 1, 1, 1, 2, 0, 0.7, 0, 0.7272727272727273, 0, 0.7, 0.29999999999999893, 0.6666666666666666, 0.33333333333333304
112, 0.005194805194805224, 0.7242694805194813, 0.1327380952380957, 9, 1, 0, 1, 1, 1, 1, 1, 2, 1, 0.7272727272727273, 0, 0.75, 0, 0.7142857142857143, 0.2857142857142865, 0.7, 0.29999999999999893
113, 0.010714285714285718, 0.7547619047619045, 0.12301587301587305, 9, 1, 0, 1, 1, 1, 1, 2, 1, 1, 0.75, 0, 0.8, 0, 0.75, 0.25, 0.7142857142857143, 0.2857142857142865
114, 0.002777777777777754, 0.7759259259259266, 0.15740740740740744, 9, 1, 0, 1, 1, 2, 0, 2, 1, 1, 0.8, 0, 0.7777777777777778, 0.22222222222222143, 0.75, 0.25
115, 0.0040404040404040525, 0.798653198653195, 0.10740740740740737, 9, 1, 0, 1, 1, 2, 0, 2, 2, 0, 0.8, 0, 0.8181818181818182, 0, 0.8, 0.20000000000000018, 0.7777777777777778, 0.22222222222222143
116, 0.001515151515151511, 0.8171717171717208, 0.06666666666666651, 9, 1, 0, 1, 1, 2, 0, 2, 2, 1, 0.8181818181818182, 0, 0.8333333333333334, 0, 0.8, 0.20000000000000018
117, 0.007738095238095238, 0.839774114774116, 0.08864468864468876, 9, 1, 0, 1, 1, 2, 1, 1, 2, 1, 0.8333333333333334, 0, 0.875, 0, 0.8571428571428571, 0.14285714285714324, 0.8, 0.20000000000000018
118, 0.003373015873015861, 0.8795596016184245, 0.06504824151882958, 9, 1, 0, 1, 1, 2, 1, 2, 1, 1, 0.875, 0, 0.9, 0, 0.8888888888888888, 0.11111111111111072, 0.8571428571428571, 0.14285714285714324
119, 0.0010101010101010027, 0.8993265993266016, 0.0537037037037038, 9, 1, 0, 1, 1, 2, 1, 2, 2, 0, 0.9, 0, 0.9090909090909091, 0, 0.9, 0.09999999999999964, 0.8888888888888888, 0.11111111111111072
120, 0.004545454545454533, 0.9363636363636358, 0.033333333333333194, 9, 1, 0, 1, 1, 2, 1, 2, 2, 1, 0.9090909090909091, 0, 1, 0, 0.9, 0.09999999999999964
121, 0.005555555555555536, 0.9296296296296297, 0.1074074074074071, 9, 1, 1, 0, 1, 2, 1, 2, 2, 1, 1, 0, 0.8888888888888888, 0.22222222222222143, 0.9, 0.09999999999999964
122, 0.001388888888888884, 0.8879629629629613, 0.172222222222222, 9, 1, 1, 0, 1, 2, 1, 2, 2, 0, 0.8888888888888888, 0.22222222222222143, 0.875, 0.25, 0.8888888888888888, 0.11111111111111072, 0.9, 0.09999999999999964
123, 0.0049603174603174705, 0.8625661375661363, 0.21243386243386253, 9, 1, 1, 0, 1, 2, 1, 2, 1, 1, 0.875, 0.25, 0.8333333333333334, 0.3333333333333339, 0.8571428571428571, 0.14285714285714324, 0.8888888888888888, 0.11111111111111072
124, 0.010317460317460295, 0.8159137159137161, 0.2795278795278796, 9, 1, 1, 0, 1, 2, 1, 1, 2, 1, 0.8333333333333334, 0.3333333333333339, 0.7777777777777778, 0.44444444444444287, 0.8, 0.20000000000000018, 0.8571428571428571, 0.14285714285714324
125, 0.0027777777777777263, 0.7759259259259277, 0.38148148148148137, 9, 1, 1, 0, 1, 2, 1, 1, 2, 0, 0.7777777777777778, 0.44444444444444287, 0.75, 0.5, 0.8, 0.20000000000000018
126, 0.0027777777777778095, 0.7759259259259277, 0.3074074074074061, 9, 1, 1, 0, 1, 2, 0, 2, 2, 0, 0.75, 0.5, 0.7777777777777778, 0.22222222222222143, 0.8, 0.20000000000000018
127, 0.013888888888888881, 0.7314814814814818, 0.43518518518518534, 9, 1, 1, 0, 1, 2, 0, 2, 1, 1, 0.75, 0.5, 0.6666666666666666, 0.6666666666666666, 0.75, 0.25, 0.7777777777777778, 0.22222222222222143
128, 0.005952380952380931, 0.7103174603174599, 0.4007936507936528, 9, 1, 1, 0, 1, 1, 1, 2, 1, 1, 0.6666666666666666, 0.6666666666666666, 0.7142857142857143, 0.2857142857142865, 0.75, 0.25
129, 0.002380952380952428, 0.6936507936507926, 0.4174603174603159, 9, 1, 1, 0, 1, 1, 1, 1, 2, 1, 0.6666666666666666, 0.6666666666666666, 0.7, 0.29999999999999893, 0.7142857142857143, 0.2857142857142865
130, 0.010606060606060619, 0.6676767676767678, 0.48672438672438584, 9, 1, 1, 0, 1, 1, 1, 1, 2, 0, 0.6666666666666666, 0.6666666666666666, 0.6363636363636364, 0.6363636363636364, 0.6666666666666666, 0.33333333333333304, 0.7, 0.29999999999999893
131, 0.014393939393939362, 0.6241095162147797, 0.4872674109516216, 9, 1, 1, 0, 1, 1, 1, 1, 1, 1, 0.6363636363636364, 0.6363636363636364, 0.5833333333333334, 0.5833333333333334, 0.6, 0.40000000000000036, 0.6666666666666666, 0.33333333333333304
132, 0.001190476190476214, 0.5849206349206338, 0.5182539682539644, 9, 1, 1, 0, 1, 1, 1, 1, 1, 0, 0.5833333333333334, 0.5833333333333334, 0.5714285714285714, 0.5714285714285714, 0.6, 0.40000000000000036
133, 0.0031746031746031633, 0.5756613756613748, 0.4851851851851854, 9, 1, 1, 0, 1, 1, 0, 2, 1, 0, 0.5714285714285714, 0.5714285714285714, 0.5555555555555556, 0.5555555555555556, 0.5714285714285714, 0.4285714285714288, 0.6, 0.40000000000000036
134, 0.0014430014430014265, 0.5574795574795597, 0.4913419913419934, 9, 1, 1, 0, 1, 1, 0, 1, 2, 0, 0.5555555555555556, 0.5555555555555556, 0.5454545454545454, 0.5454545454545454, 0.5555555555555556, 0.44444444444444464, 0.5714285714285714, 0.4285714285714288
135, 0.0025252525252525276, 0.5336700336700325, 0.4966329966329961, 9, 1, 1, 0, 1, 1, 0, 1, 1, 1, 0.5454545454545454, 0.5454545454545454, 0.5, 0.5, 0.5555555555555556, 0.44444444444444464
136, 0.006944444444444503, 0.921296296296297, 0.19907407407407393, 9, 1, 1, 1, 0, 2, 1, 2, 2, 1, 1, 0, 0.875, 0.375, 0.8888888888888888, 0.22222222222222143
137, 0.001984126984126991, 0.8736772486772449, 0.32109788359788344, 9, 1, 1, 1, 0, 2, 1, 2, 2, 0, 0.875, 0.375, 0.8571428571428571, 0.4285714285714288, 0.875, 0.25, 0.8888888888888888, 0.22222222222222143
138, 0.007738095238095183, 0.839774114774116, 0.40909645909645964, 9, 1, 1, 1, 0, 2, 1, 2, 1, 1, 0.8571428571428571, 0.4285714285714288, 0.8, 0.5999999999999996, 0.8333333333333334, 0.3333333333333339, 0.875, 0.25
139, 0.011111111111111183, 0.7898148148148147, 0.528703703703703, 9, 1, 1, 1, 0, 2, 1, 1, 2, 1, 0.8, 0.5999999999999996, 0.75, 0.75, 0.7777777777777778, 0.44444444444444287, 0.8333333333333334, 0.3333333333333339
140, 0.006313131313131354, 0.7516835016834996, 0.6072390572390549, 9, 1, 1, 1, 0, 2, 1, 1, 2, 0, 0.75, 0.75, 0.7272727272727273, 0.7272727272727273, 0.75, 0.5, 0.7777777777777778, 0.44444444444444287
141, 0.00162337662337661, 0.7305194805194802, 0.6471861471861484, 9, 1, 1, 1, 0, 2, 1, 1, 1, 1, 0.7272727272727273, 0.7272727272727273, 0.7142857142857143, 0.7142857142857143, 0.75, 0.5
142, 0.005952380952380931, 0.710317460317463, 0.6269841269841289, 9, 1, 1, 1, 0, 2, 0, 2, 1, 1, 0.7142857142857143, 0.7142857142857143, 0.6666666666666666, 0.6666666666666666, 0.75, 0.5
143, 0.020833333333333315, 0.9027777777777785, 0.402777777777778, 9, 1, 1, 1, 1, 1, 1, 2, 2, 1, 1, 0, 0.8333333333333334, 0.8333333333333334, 0.875, 0.375
144, 0.006222943722943741, 0.8452773072338277, 0.6227100194491488, 9, 1, 1, 1, 1, 1, 1, 2, 2, 0, 0.8333333333333334, 0.8333333333333334, 0.8181818181818182, 0.8181818181818182, 0.8571428571428571, 0.4285714285714288, 0.875, 0.375
145, 0.011832611832611889, 0.8160748014406539, 0.655331479721723, 9, 1, 1, 1, 1, 1, 1, 2, 1, 1, 0.8181818181818182, 0.8181818181818182, 0.7777777777777778, 0.7777777777777778, 0.8, 0.5999999999999996, 0.8571428571428571, 0.4285714285714288
146, 0.00277777777777774, 0.7759259259259305, 0.7092592592592625, 9, 1, 1, 1, 1, 1, 1, 1, 2, 1, 0.7777777777777778, 0.7777777777777778, 0.75, 0.75, 0.8, 0.5999999999999996
147, 0.011904761904761862, 0.8968253968253982, 0.5634920634920633, 9, 1, 1, 1, 1, 2, 0, 2, 2, 1, 1, 0, 0.8571428571428571, 0.8571428571428571, 0.8333333333333334, 0.8333333333333334
148, 0.015873015873015872, 0.9153439153439145, 0.5820105820105823, 9, 1, 1, 1, 1, 2, 1, 1, 2, 1, 1, 0, 0.8888888888888888, 0.8888888888888888, 0.8571428571428571, 0.8571428571428571
149, 0.01010101010101011, 0.9326599326599332, 0.599326599326598, 9, 1, 1, 1, 1, 2, 1, 2, 1, 1, 1, 0, 0.9090909090909091, 0.9090909090909091, 0.8888888888888888, 0.8888888888888888
150, 0.0037878787878787845, 0.9419191919191823, 0.6085858585858587, 9, 1, 1, 1, 1, 2, 1, 2, 2, 0, 1, 0, 0.9166666666666666, 0.9166666666666666, 0.9090909090909091, 0.9090909090909091
151, 0.041666666666666685, 0.9722222222222228, 0.638888888888889, 9, 1, 1, 1, 1, 2, 1, 2, 2, 1, 1, 0, 1, 1, 0.9166666666666666, 0.9166666666666666
