nr, area, centroidx, centroidy, numBars, pixPerBar0, ..., pixPerBarN, vertex1x, vertex1y, vertex2x, ...
0, 0.041666666666666664, 0.027777777777777776, 0.36111111111111105, 9, 0, 0, 0, 0, 0, 0, 0, 0, 0, 0, 0, 0.08333333333333333, 0.08333333333333333, 0, 1
1, 0.0037878787878787915, 0.05808080808080805, 0.3914141414141412, 9, 0, 0, 0, 0, 0, 0, 0, 0, 1, 0.08333333333333333, 0.08333333333333333, 0.09090909090909091, 0.09090909090909091, 0, 1
2, 0.02597402597402597, 0.07792207792207792, 0.4112554112554113, 9, 0, 0, 0, 0, 0, 0, 0, 1, 0, 0.09090909090909091, 0.09090909090909091, 0.14285714285714285, 0.14285714285714285, 0, 1
3, 0.011904761904761904, 0.10317460317460318, 0.43650793650793673, 9, 0, 0, 0, 0, 0, 0, 1, 0, 0, 0.14285714285714285, 0.14285714285714285, 0.16666666666666666, 0.16666666666666666, 0, 1
4, 0.011904761904761904, 0.10317460317460322, 0.5317460317460317, 9, 0, 0, 0, 0, 0, 1, 0, 0, 0, 0.16666666666666666, 0.16666666666666666, 0.14285714285714285, 0.4285714285714286, 0, 1
5, 0.003246753246753248, 0.1637806637806638, 0.2775372775372775, 9, 0, 0, 0, 0, 0, 1, 0, 0, 1, 0.16666666666666666, 0.16666666666666666, 0.18181818181818182, 0.18181818181818182, 0.16666666666666666, 0.33333333333333326, 0.14285714285714285, 0.4285714285714286
6, 0.0015151515151515145, 0.1828282828282828, 0.23838383838383817, 9, 0, 0, 0, 0, 0, 1, 0, 1, 0, 0.18181818181818182, 0.18181818181818182, 0.2, 0.2, 0.16666666666666666, 0.33333333333333326
7, 0.013095238095238094, 0.19256854256854256, 0.3455266955266954, 9, 0, 0, 0, 0, 1, 0, 0, 1, 0, 0.2, 0.2, 0.25, 0.25, 0.14285714285714285, 0.5714285714285714, 0.16666666666666666, 0.33333333333333326
8, 0.0029761904761904795, 0.14484126984126977, 0.48611111111111077, 9, 0, 0, 0, 0, 1, 0, 0, 0, 1, 0.14285714285714285, 0.5714285714285714, 0.125, 0.625, 0.14285714285714285, 0.4285714285714286, 0.16666666666666666, 0.33333333333333326
9, 0.008928571428571425, 0.08928571428571426, 0.6845238095238095, 9, 0, 0, 0, 0, 1, 0, 0, 0, 0, 0.125, 0.625, 0, 1, 0.14285714285714285, 0.4285714285714286
10, 0.018849206349206345, 0.18967557783347241, 0.5203982177666387, 9, 0, 0, 0, 1, 0, 0, 0, 1, 0, 0.25, 0.25, 0.2222222222222222, 0.5555555555555554, 0.125, 0.75, 0.14285714285714285, 0.5714285714285714
11, 0.006313131313131312, 0.24831649831649838, 0.3927609427609429, 9, 0, 0, 0, 1, 0, 0, 0, 1, 1, 0.25, 0.25, 0.2727272727272727, 0.2727272727272727, 0.25, 0.5, 0.2222222222222222, 0.5555555555555554
12, 0.001623376623376624, 0.2694805194805188, 0.3528138528138522, 9, 0, 0, 0, 1, 0, 0, 0, 2, 0, 0.2727272727272727, 0.2727272727272727, 0.2857142857142857, 0.2857142857142857, 0.25, 0.5
13, 0.001984126984126991, 0.12632275132275114, 0.6789021164021154, 9, 0, 0, 0, 1, 0, 0, 0, 0, 1, 0.125, 0.75, 0.1111111111111111, 0.7777777777777777, 0.125, 0.625, 0.14285714285714285, 0.5714285714285714
14, 0.006944444444444434, 0.07870370370370372, 0.8009259259259264, 9, 0, 0, 0, 1, 0, 0, 0, 0, 0, 0.1111111111111111, 0.7777777777777777, 0, 1, 0.125, 0.625
15, 0.005952380952380952, 0.2896825396825397, 0.3730158730158729, 9, 0, 0, 0, 1, 0, 0, 1, 1, 0, 0.2857142857142857, 0.2857142857142857, 0.3333333333333333, 0.3333333333333333, 0.25, 0.5
16, 0.013888888888888902, 0.26851851851851843, 0.5648148148148143, 9, 0, 0, 1, 0, 0, 0, 1, 1, 0, 0.3333333333333333, 0.3333333333333333, 0.25, 0.75, 0.2222222222222222, 0.7777777777777777, 0.25, 0.5
17, 0.002777777777777768, 0.224074074074074, 0.6925925925925935, 9, 0, 0, 1, 0, 0, 0, 1, 0, 1, 0.2222222222222222, 0.7777777777777777, 0.2, 0.8, 0.25, 0.5
18, 0.002777777777777782, 0.22407407407407412, 0.6185185185185179, 9, 0, 0, 1, 0, 0, 0, 0, 1, 1, 0.2, 0.8, 0.2222222222222222, 0.5555555555555554, 0.25, 0.5
19, 0.015277777777777793, 0.16893939393939392, 0.7422558922558921, 9, 0, 0, 1, 0, 0, 0, 0, 1, 0, 0.2, 0.8, 0.1111111111111111, 0.8888888888888888, 0.125, 0.75, 0.2222222222222222, 0.5555555555555554
20, 0.001388888888888891, 0.11203703703703706, 0.8277777777777772, 9, 0, 0, 1, 0, 0, 0, 0, 0, 1, 0.1111111111111111, 0.8888888888888888, 0.1, 0.8999999999999999, 0.1111111111111111, 0.7777777777777777, 0.125, 0.75
21, 0.00555555555555555, 0.07037037037037036, 0.8925925925925926, 9, 0, 0, 1, 0, 0, 0, 0, 0, 0, 0.1, 0.8999999999999999, 0, 1, 0.1111111111111111, 0.7777777777777777
22, 0.008333333333333304, 0.2944444444444449, 0.5944444444444446, 9, 0, 0, 1, 0, 0, 1, 0, 1, 0, 0.3333333333333333, 0.3333333333333333, 0.3, 0.6999999999999997, 0.25, 0.75
23, 0.010606060606060605, 0.33232323232323246, 0.5132756132756131, 9, 0, 0, 1, 0, 0, 1, 0, 1, 1, 0.3333333333333333, 0.3333333333333333, 0.36363636363636365, 0.36363636363636365, 0.3333333333333333, 0.6666666666666667, 0.3, 0.6999999999999997
24, 0.006060606060606072, 0.36565656565656557, 0.47676767676767756, 9, 0, 0, 1, 0, 0, 1, 0, 2, 0, 0.36363636363636365, 0.36363636363636365, 0.4, 0.4, 0.3333333333333333, 0.6666666666666667
25, 0.008333333333333345, 0.3833333333333333, 0.5388888888888885, 9, 0, 0, 1, 0, 1, 0, 0, 2, 0, 0.4, 0.4, 0.4166666666666667, 0.4166666666666667, 0.4, 0.6000000000000001, 0.3333333333333333, 0.6666666666666667
26, 0.0011904761904761862, 0.4150793650793642, 0.4817460317460332, 9, 0, 0, 1, 0, 1, 0, 0, 2, 1, 0.4166666666666667, 0.4166666666666667, 0.42857142857142855, 0.42857142857142855, 0.4, 0.6000000000000001
27, 0.0046176046176046315, 0.430020442520442, 0.512890812890812, 9, 0, 0, 1, 0, 1, 0, 1, 1, 1, 0.42857142857142855, 0.42857142857142855, 0.45454545454545453, 0.45454545454545453, 0.4444444444444444, 0.5555555555555554, 0.4, 0.6000000000000001
28, 0.0025252525252525138, 0.4663299663299664, 0.5033670033670039, 9, 0, 0, 1, 0, 1, 0, 1, 2, 0, 0.45454545454545453, 0.45454545454545453, 0.5, 0.5, 0.4444444444444444, 0.5555555555555554
29, 0.003968253968253982, 0.4576719576719574, 0.5899470899470897, 9, 0, 1, 0, 0, 1, 0, 1, 2, 0, 0.5, 0.5, 0.42857142857142855, 0.7142857142857144, 0.4444444444444444, 0.5555555555555554
30, 0.008531746031746015, 0.4098037406176944, 0.6901408883967028, 9, 0, 1, 0, 0, 1, 0, 1, 1, 1, 0.42857142857142855, 0.7142857142857144, 0.375, 0.875, 0.4, 0.6000000000000001, 0.4444444444444444, 0.5555555555555554
31, 0.00416666666666668, 0.36944444444444274, 0.8249999999999976, 9, 0, 1, 0, 0, 1, 0, 1, 1, 0, 0.375, 0.875, 0.3333333333333333, 1, 0.4, 0.6000000000000001
32, 0.016666666666666663, 0.34444444444444466, 0.8000000000000004, 9, 0, 1, 0, 0, 1, 0, 0, 2, 0, 0.3333333333333333, 1, 0.3, 1, 0.3333333333333333, 0.6666666666666667, 0.4, 0.6000000000000001
33, 0.0067099567099567214, 0.30048410370990974, 0.8735279057859692, 9, 0, 1, 0, 0, 1, 0, 0, 1, 1, 0.3, 1, 0.2727272727272727, 1, 0.2857142857142857, 0.8571428571428572, 0.3333333333333333, 0.6666666666666667
34, 0.001623376623376624, 0.26948051948051954, 0.9523809523809516, 9, 0, 1, 0, 0, 1, 0, 0, 1, 0, 0.2727272727272727, 1, 0.25, 1, 0.2857142857142857, 0.8571428571428572
35, 0.014285714285714318, 0.2535714285714283, 0.8648809523809519, 9, 0, 1, 0, 0, 0, 1, 0, 1, 0, 0.25, 1, 0.2, 1, 0.25, 0.75, 0.3, 0.6999999999999997, 0.2857142857142857, 0.8571428571428572
36, 0.0023809523809523586, 0.3063492063492086, 0.7412698412698455, 9, 0, 1, 0, 0, 0, 1, 0, 1, 1, 0.3, 0.6999999999999997, 0.3333333333333333, 0.6666666666666667, 0.2857142857142857, 0.8571428571428572
37, 0.002777777777777782, 0.22407407407407412, 0.8425925925925924, 9, 0, 1, 0, 0, 0, 0, 1, 1, 0, 0.2, 1, 0.2222222222222222, 0.7777777777777777, 0.25, 0.75
38, 0.004040404040404039, 0.2013468013468013, 0.8925925925925926, 9, 0, 1, 0, 0, 0, 0, 1, 0, 1, 0.2, 1, 0.18181818181818182, 1, 0.2, 0.8, 0.2222222222222222, 0.7777777777777777
39, 0.001515151515151511, 0.18282828282828267, 0.9333333333333342, 9, 0, 1, 0, 0, 0, 0, 1, 0, 0, 0.18181818181818182, 1, 0.16666666666666666, 1, 0.2, 0.8
40, 0.011111111111111113, 0.1481481481481482, 0.9185185185185185, 9, 0, 1, 0, 0, 0, 0, 0, 1, 0, 0.16666666666666666, 1, 0.1, 1, 0.1111111111111111, 0.8888888888888888, 0.2, 0.8
41, 0.0010101010101010166, 0.10067340067340046, 0.9462962962962946, 9, 0, 1, 0, 0, 0, 0, 0, 0, 1, 0.1, 1, 0.09090909090909091, 1, 0.1, 0.8999999999999999, 0.1111111111111111, 0.8888888888888888
42, 0.004545454545454547, 0.0636363636363636, 0.9666666666666667, 9, 0, 1, 0, 0, 0, 0, 0, 0, 0, 0.09090909090909091, 1, 0, 1, 0.1, 0.8999999999999999
43, 0.007142857142857131, 0.44285714285714434, 0.7380952380952378, 9, 0, 1, 0, 1, 0, 0, 1, 2, 0, 0.5, 0.5, 0.4, 1, 0.42857142857142855, 0.7142857142857144
44, 0.0076298701298701255, 0.39474302293451197, 0.8914640324214794, 9, 0, 1, 0, 1, 0, 0, 1, 1, 1, 0.4, 1, 0.36363636363636365, 1, 0.375, 0.875, 0.42857142857142855, 0.7142857142857144
45, 0.0018939393939393923, 0.35732323232323265, 0.9583333333333346, 9, 0, 1, 0, 1, 0, 0, 1, 1, 0, 0.36363636363636365, 1, 0.3333333333333333, 1, 0.375, 0.875
46, 0.013636363636363613, 0.451515151515151, 0.833333333333334, 9, 0, 1, 0, 1, 0, 1, 0, 2, 0, 0.5, 0.5, 0.45454545454545453, 1, 0.4, 1
47, 0.022727272727272735, 0.5000000000000002, 0.757575757575758, 9, 0, 1, 0, 1, 0, 1, 0, 2, 1, 0.5, 0.5, 0.5454545454545454, 0.5454545454545454, 0.5, 1, 0.45454545454545453, 1
48, 0.006493506493506496, 0.5389610389610376, 0.7056277056277044, 9, 0, 1, 0, 1, 0, 1, 0, 3, 0, 0.5454545454545454, 0.5454545454545454, 0.5714285714285714, 0.5714285714285714, 0.5, 1
49, 0.005952380952380959, 0.5515873015873014, 0.7420634920634935, 9, 0, 1, 0, 1, 0, 1, 1, 2, 0, 0.5714285714285714, 0.5714285714285714, 0.5833333333333334, 0.5833333333333334, 0.5714285714285714, 0.7142857142857144, 0.5, 1
50, 0.001190476190476214, 0.58492063492063, 0.6325396825396778, 9, 0, 1, 0, 1, 0, 1, 1, 2, 1, 0.5833333333333334, 0.5833333333333334, 0.6, 0.6, 0.5714285714285714, 0.7142857142857144
51, 0.010804473304473317, 0.5965611075377346, 0.7268410714988339, 9, 0, 1, 0, 1, 1, 0, 1, 2, 1, 0.6, 0.6, 0.6363636363636364, 0.6363636363636364, 0.625, 0.75, 0.5555555555555556, 0.8888888888888884, 0.5714285714285714, 0.7142857142857144
52, 0.003968253968253926, 0.5423280423280432, 0.8677248677248705, 9, 0, 1, 0, 1, 1, 0, 1, 2, 0, 0.5555555555555556, 0.8888888888888884, 0.5, 1, 0.5714285714285714, 0.7142857142857144
53, 0.0018939393939393923, 0.642676767676768, 0.6843434343434346, 9, 0, 1, 0, 1, 1, 0, 1, 3, 0, 0.6363636363636364, 0.6363636363636364, 0.6666666666666666, 0.6666666666666666, 0.625, 0.75
54, 0.004166666666666624, 0.6305555555555562, 0.8055555555555581, 9, 0, 1, 1, 0, 1, 0, 1, 3, 0, 0.6666666666666666, 0.6666666666666666, 0.6, 1, 0.625, 0.75
55, 0.009974747474747497, 0.5854632826151813, 0.9049460853258318, 9, 0, 1, 1, 0, 1, 0, 1, 2, 1, 0.6, 1, 0.5454545454545454, 1, 0.5555555555555556, 0.8888888888888884, 0.625, 0.75
56, 0.0025252525252525415, 0.5336700336700332, 0.9629629629629616, 9, 0, 1, 1, 0, 1, 0, 1, 2, 0, 0.5454545454545454, 1, 0.5, 1, 0.5555555555555556, 0.8888888888888884
57, 0.006060606060606072, 0.6343434343434341, 0.8888888888888884, 9, 0, 1, 1, 0, 1, 1, 0, 3, 0, 0.6666666666666666, 0.6666666666666666, 0.6363636363636364, 1, 0.6, 1
58, 0.012987012987012991, 0.6724386724386732, 0.8306878306878314, 9, 0, 1, 1, 0, 1, 1, 0, 3, 1, 0.6666666666666666, 0.6666666666666666, 0.7142857142857143, 0.7142857142857143, 0.6666666666666666, 1, 0.6363636363636364, 1
59, 0.0043290043290042934, 0.7027417027417026, 0.8376623376623366, 9, 0, 1, 1, 0, 1, 1, 1, 2, 1, 0.7142857142857143, 0.7142857142857143, 0.7272727272727273, 0.7272727272727273, 0.7142857142857143, 0.8571428571428568, 0.6666666666666666, 1
60, 0.0016233766233766378, 0.7305194805194792, 0.7781385281385272, 9, 0, 1, 1, 0, 1, 1, 1, 3, 0, 0.7272727272727273, 0.7272727272727273, 0.75, 0.75, 0.7142857142857143, 0.8571428571428568
61, 0.0051948051948051965, 0.7242694805194816, 0.9002976190476188, 9, 0, 1, 1, 1, 0, 1, 1, 3, 0, 0.75, 0.75, 0.7272727272727273, 1, 0.7, 1, 0.7142857142857143, 0.8571428571428568
62, 0.009090909090909038, 0.7590909090909105, 0.870833333333335, 9, 0, 1, 1, 1, 0, 1, 1, 3, 1, 0.75, 0.75, 0.8, 0.8, 0.75, 1, 0.7272727272727273, 1
63, 0.002380952380952428, 0.6936507936507906, 0.9523809523809462, 9, 0, 1, 1, 1, 0, 1, 1, 2, 1, 0.7, 1, 0.6666666666666666, 1, 0.7142857142857143, 0.8571428571428568
64, 0.006818181818181834, 0.7893939393939384, 0.9171717171717163, 9, 0, 1, 1, 1, 1, 0, 1, 3, 1, 0.8, 0.8, 0.8181818181818182, 0.8181818181818182, 0.8, 1, 0.75, 1
65, 0.001515151515151525, 0.8171717171717133, 0.8838383838383861, 9, 0, 1, 1, 1, 1, 0, 1, 4, 0, 0.8181818181818182, 0.8181818181818182, 0.8333333333333334, 0.8333333333333334, 0.8, 1
66, 0.001515151515151525, 0.8171717171717194, 0.9444444444444383, 9, 0, 1, 1, 1, 1, 1, 0, 4, 0, 0.8333333333333334, 0.8333333333333334, 0.8181818181818182, 1, 0.8, 1
67, 0.00324675324675322, 0.8362193362193384, 0.9153439153439189, 9, 0, 1, 1, 1, 1, 1, 0, 4, 1, 0.8333333333333334, 0.8333333333333334, 0.8571428571428571, 0.8571428571428571, 0.8333333333333334, 1, 0.8181818181818182, 1
68, 0.007359307359307399, 0.8724047194635423, 0.9416857652151753, 9, 0, 1, 1, 1, 1, 1, 1, 3, 1, 0.8571428571428571, 0.8571428571428571, 0.9090909090909091, 0.9090909090909091, 0.9, 1, 0.8333333333333334, 1
69, 0.0007575757575757347, 0.9085858585858655, 0.9570707070707152, 9, 0, 1, 1, 1, 1, 1, 1, 4, 0, 0.9090909090909091, 0.9090909090909091, 0.9166666666666666, 0.9166666666666666, 0.9090909090909091, 1, 0.9, 1
70, 0.0037878787878787845, 0.9419191919191933, 0.9722222222222227, 9, 0, 1, 1, 1, 1, 1, 1, 4, 1, 0.9166666666666666, 0.9166666666666666, 1, 1, 0.9090909090909091, 1
71, 0.003787878787878788, 0.05808080808080809, 0.027777777777777776, 9, 1, 0, 0, 0, 0, 0, 0, 0, 0, 0, 0, 0.09090909090909091, 0, 0.08333333333333333, 0.08333333333333333
72, 0.0007575757575757581, 0.0914141414141414, 0.04292929292929293, 9, 1, 0, 0, 0, 0, 0, 0, 0, 1, 0.09090909090909091, 0, 0.1, 0, 0.09090909090909091, 0.09090909090909091, 0.08333333333333333, 0.08333333333333333
73, 0.007359307359307358, 0.12759528053645702, 0.05831423478482301, 9, 1, 0, 0, 0, 0, 0, 0, 1, 0, 0.1, 0, 0.16666666666666666, 0, 0.14285714285714285, 0.14285714285714285, 0.09090909090909091, 0.09090909090909091
74, 0.003246753246753248, 0.1637806637806638, 0.08465608465608464, 9, 1, 0, 0, 0, 0, 0, 1, 0, 0, 0.16666666666666666, 0, 0.18181818181818182, 0, 0.16666666666666666, 0.16666666666666666, 0.14285714285714285, 0.14285714285714285
75, 0.0015151515151515145, 0.1828282828282828, 0.05555555555555555, 9, 1, 0, 0, 0, 0, 0, 1, 0, 1, 0.18181818181818182, 0, 0.2, 0, 0.16666666666666666, 0.16666666666666666
76, 0.001515151515151518, 0.18282828282828278, 0.11616161616161609, 9, 1, 0, 0, 0, 0, 1, 0, 0, 1, 0.2, 0, 0.18181818181818182, 0.18181818181818182, 0.16666666666666666, 0.16666666666666666
77, 0.006818181818181817, 0.21060606060606063, 0.08282828282828288, 9, 1, 0, 0, 0, 0, 1, 0, 1, 0, 0.2, 0, 0.25, 0, 0.2, 0.2, 0.18181818181818182, 0.18181818181818182
78, 0.009090909090909087, 0.24090909090909096, 0.12916666666666665, 9, 1, 0, 0, 0, 1, 0, 0, 1, 0, 0.25, 0, 0.2727272727272727, 0, 0.25, 0.25, 0.2, 0.2
79, 0.0051948051948051965, 0.2757305194805191, 0.0997023809523808, 9, 1, 0, 0, 0, 1, 0, 0, 1, 1, 0.2727272727272727, 0, 0.3, 0, 0.2857142857142857, 0.1428571428571428, 0.25, 0.25
80, 0.0023809523809523794, 0.30634920634920665, 0.047619047619047596, 9, 1, 0, 0, 0, 1, 0, 0, 2, 0, 0.3, 0, 0.3333333333333333, 0, 0.2857142857142857, 0.1428571428571428
81, 0.004329004329004335, 0.29725829725829733, 0.16233766233766223, 9, 1, 0, 0, 1, 0, 0, 0, 2, 0, 0.3333333333333333, 0, 0.2857142857142857, 0.2857142857142857, 0.2727272727272727, 0.2727272727272727, 0.2857142857142857, 0.1428571428571428
82, 0.0016233766233766204, 0.26948051948051943, 0.22186147186147195, 9, 1, 0, 0, 1, 0, 0, 0, 1, 1, 0.2727272727272727, 0.2727272727272727, 0.25, 0.25, 0.2857142857142857, 0.1428571428571428
83, 0.012987012987012991, 0.3275613275613276, 0.16931216931216928, 9, 1, 0, 0, 1, 0, 0, 1, 1, 0, 0.3333333333333333, 0, 0.36363636363636365, 0, 0.3333333333333333, 0.3333333333333333, 0.2857142857142857, 0.2857142857142857
84, 0.006060606060606058, 0.3656565656565656, 0.1111111111111111, 9, 1, 0, 0, 1, 0, 0, 1, 1, 1, 0.36363636363636365, 0, 0.4, 0, 0.3333333333333333, 0.3333333333333333
85, 0.004166666666666666, 0.3694444444444451, 0.19444444444444492, 9, 1, 0, 0, 1, 0, 1, 0, 1, 1, 0.4, 0, 0.375, 0.25, 0.3333333333333333, 0.3333333333333333
86, 0.009974747474747456, 0.41453671738481856, 0.09505391467416775, 9, 1, 0, 0, 1, 0, 1, 0, 2, 0, 0.4, 0, 0.45454545454545453, 0, 0.4444444444444444, 0.11111111111111072, 0.375, 0.25
87, 0.0025252525252525172, 0.46632996632996576, 0.03703703703703693, 9, 1, 0, 0, 1, 0, 1, 0, 2, 1, 0.45454545454545453, 0, 0.5, 0, 0.4444444444444444, 0.11111111111111072
88, 0.003968253968253982, 0.4576719576719583, 0.1322751322751321, 9, 1, 0, 1, 0, 0, 1, 0, 2, 1, 0.5, 0, 0.42857142857142855, 0.2857142857142856, 0.4444444444444444, 0.11111111111111072
89, 0.010804473304473317, 0.4034388924622646, 0.27315892850116535, 9, 1, 0, 1, 0, 0, 1, 0, 2, 0, 0.42857142857142855, 0.2857142857142856, 0.4, 0.4, 0.36363636363636365, 0.36363636363636365, 0.375, 0.25, 0.4444444444444444, 0.11111111111111072
90, 0.0018939393939393853, 0.3573232323232333, 0.3156565656565665, 9, 1, 0, 1, 0, 0, 1, 0, 1, 1, 0.36363636363636365, 0.36363636363636365, 0.3333333333333333, 0.3333333333333333, 0.375, 0.25
91, 0.005952380952380959, 0.44841269841269776, 0.25793650793650746, 9, 1, 0, 1, 0, 1, 0, 0, 2, 1, 0.5, 0, 0.42857142857142855, 0.42857142857142855, 0.4166666666666667, 0.4166666666666667, 0.42857142857142855, 0.2857142857142856
92, 0.0011904761904761932, 0.41507936507936566, 0.3674603174603179, 9, 1, 0, 1, 0, 1, 0, 0, 2, 0, 0.4166666666666667, 0.4166666666666667, 0.4, 0.4, 0.42857142857142855, 0.2857142857142856
93, 0.006493506493506496, 0.4610389610389609, 0.29437229437229423, 9, 1, 0, 1, 0, 1, 0, 1, 1, 1, 0.5, 0, 0.45454545454545453, 0.45454545454545453, 0.42857142857142855, 0.42857142857142855
94, 0.02272727272727272, 0.5000000000000001, 0.2424242424242425, 9, 1, 0, 1, 0, 1, 0, 1, 2, 0, 0.5, 0, 0.5454545454545454, 0, 0.5, 0.5, 0.45454545454545453, 0.45454545454545453
95, 0.013636363636363641, 0.5484848484848486, 0.16666666666666666, 9, 1, 0, 1, 0, 1, 0, 1, 2, 1, 0.5454545454545454, 0, 0.6, 0, 0.5, 0.5
96, 0.007142857142857145, 0.5571428571428546, 0.2619047619047611, 9, 1, 0, 1, 0, 1, 1, 0, 2, 1, 0.6, 0, 0.5714285714285714, 0.2857142857142856, 0.5, 0.5
97, 0.007629870129870139, 0.6052569770654875, 0.10853596757852066, 9, 1, 0, 1, 0, 1, 1, 0, 3, 0, 0.6, 0, 0.6363636363636364, 0, 0.625, 0.125, 0.5714285714285714, 0.2857142857142856
98, 0.0018939393939393923, 0.6426767676767667, 0.041666666666666664, 9, 1, 0, 1, 0, 1, 1, 0, 3, 1, 0.6363636363636364, 0, 0.6666666666666666, 0, 0.625, 0.125
99, 0.004166666666666673, 0.6305555555555555, 0.1750000000000001, 9, 1, 0, 1, 1, 0, 1, 0, 3, 1, 0.6666666666666666, 0, 0.6, 0.40000000000000036, 0.625, 0.125
100, 0.008531746031746043, 0.5901962593823065, 0.309859111603298, 9, 1, 0, 1, 1, 0, 1, 0, 3, 0, 0.6, 0.40000000000000036, 0.5555555555555556, 0.44444444444444464, 0.5714285714285714, 0.2857142857142856, 0.625, 0.125
101, 0.003968253968253982, 0.542328042328042, 0.4100529100529103, 9, 1, 0, 1, 1, 0, 1, 0, 2, 1, 0.5555555555555556, 0.44444444444444464, 0.5, 0.5, 0.5714285714285714, 0.2857142857142856
102, 0.016666666666666663, 0.6555555555555554, 0.19999999999999996, 9, 1, 0, 1, 1, 0, 1, 1, 2, 1, 0.6666666666666666, 0, 0.7, 0, 0.6666666666666666, 0.3333333333333335, 0.6, 0.40000000000000036
103, 0.006709956709956735, 0.6995158962900906, 0.1264720942140299, 9, 1, 0, 1, 1, 0, 1, 1, 3, 0, 0.7, 0, 0.7272727272727273, 0, 0.7142857142857143, 0.14285714285714324, 0.6666666666666666, 0.3333333333333335
104, 0.001623376623376624, 0.7305194805194826, 0.04761904761904772, 9, 1, 0, 1, 1, 0, 1, 1, 3, 1, 0.7272727272727273, 0, 0.75, 0, 0.7142857142857143, 0.14285714285714324
105, 0.014285714285714263, 0.7464285714285716, 0.13511904761904742, 9, 1, 0, 1, 1, 1, 0, 1, 3, 1, 0.75, 0, 0.8, 0, 0.75, 0.25, 0.7, 0.29999999999999893, 0.7142857142857143, 0.14285714285714324
106, 0.0023809523809523447, 0.6936507936507935, 0.25873015873015837, 9, 1, 0, 1, 1, 1, 0, 1, 3, 0, 0.7, 0.29999999999999893, 0.6666666666666666, 0.3333333333333335, 0.7142857142857143, 0.14285714285714324
107, 0.002777777777777754, 0.7759259259259266, 0.15740740740740744, 9, 1, 0, 1, 1, 1, 1, 0, 3, 1, 0.8, 0, 0.7777777777777778, 0.22222222222222143, 0.75, 0.25
108, 0.0040404040404040525, 0.798653198653195, 0.10740740740740737, 9, 1, 0, 1, 1, 1, 1, 0, 4, 0, 0.8, 0, 0.8181818181818182, 0, 0.8, 0.20000000000000018, 0.7777777777777778, 0.22222222222222143
109, 0.001515151515151511, 0.8171717171717208, 0.06666666666666651, 9, 1, 0, 1, 1, 1, 1, 0, 4, 1, 0.8181818181818182, 0, 0.8333333333333334, 0, 0.8, 0.20000000000000018
110, 0.011111111111111086, 0.8518518518518523, 0.08148148148148142, 9, 1, 0, 1, 1, 1, 1, 1, 3, 1, 0.8333333333333334, 0, 0.9, 0, 0.8888888888888888, 0.11111111111111072, 0.8, 0.20000000000000018
111, 0.0010101010101010027, 0.8993265993266016, 0.0537037037037038, 9, 1, 0, 1, 1, 1, 1, 1, 4, 0, 0.9, 0, 0.9090909090909091, 0, 0.9, 0.09999999999999964, 0.8888888888888888, 0.11111111111111072
112, 0.004545454545454533, 0.9363636363636358, 0.033333333333333194, 9, 1, 0, 1, 1, 1, 1, 1, 4, 1, 0.9090909090909091, 0, 1, 0, 0.9, 0.09999999999999964
113, 0.005555555555555536, 0.9296296296296297, 0.1074074074074071, 9, 1, 1, 0, 1, 1, 1, 1, 4, 1, 1, 0, 0.8888888888888888, 0.22222222222222143, 0.9, 0.09999999999999964
114, 0.001388888888888884, 0.8879629629629613, 0.172222222222222, 9, 1, 1, 0, 1, 1, 1, 1, 4, 0, 0.8888888888888888, 0.22222222222222143, 0.875, 0.25, 0.8888888888888888, 0.11111111111111072, 0.9, 0.09999999999999964
115, 0.015277777777777724, 0.8310606060606054, 0.2577441077441074, 9, 1, 1, 0, 1, 1, 1, 1, 3, 1, 0.875, 0.25, 0.7777777777777778, 0.44444444444444287, 0.8, 0.20000000000000018, 0.8888888888888888, 0.11111111111111072
116, 0.0027777777777777263, 0.7759259259259277, 0.38148148148148137, 9, 1, 1, 0, 1, 1, 1, 1, 3, 0, 0.7777777777777778, 0.44444444444444287, 0.75, 0.5, 0.8, 0.20000000000000018
117, 0.0027777777777778095, 0.7759259259259277, 0.3074074074074061, 9, 1, 1, 0, 1, 1, 1, 0, 4, 0, 0.75, 0.5, 0.7777777777777778, 0.22222222222222143, 0.8, 0.20000000000000018
118, 0.013888888888888881, 0.7314814814814818, 0.43518518518518534, 9, 1, 1, 0, 1, 1, 1, 0, 3, 1, 0.75, 0.5, 0.6666666666666666, 0.6666666666666666, 0.75, 0.25, 0.7777777777777778, 0.22222222222222143
119, 0.008333333333333415, 0.7055555555555535, 0.40555555555555506, 9, 1, 1, 0, 1, 1, 0, 1, 3, 1, 0.6666666666666666, 0.6666666666666666, 0.7, 0.29999999999999893, 0.75, 0.25
120, 0.010606060606060605, 0.6676767676767678, 0.48672438672438606, 9, 1, 1, 0, 1, 1, 0, 1, 3, 0, 0.6666666666666666, 0.6666666666666666, 0.6363636363636364, 0.6363636363636364, 0.6666666666666666, 0.3333333333333335, 0.7, 0.29999999999999893
121, 0.006060606060606058, 0.6343434343434355, 0.5232323232323236, 9, 1, 1, 0, 1, 1, 0, 1, 2, 1, 0.6363636363636364, 0.6363636363636364, 0.6, 0.6, 0.6666666666666666, 0.3333333333333335
122, 0.008333333333333304, 0.6166666666666665, 0.461111111111111, 9, 1, 1, 0, 1, 0, 1, 1, 2, 1, 0.6, 0.6, 0.5833333333333334, 0.5833333333333334, 0.6, 0.40000000000000036, 0.6666666666666666, 0.3333333333333335
123, 0.001190476190476214, 0.5849206349206338, 0.5182539682539644, 9, 1, 1, 0, 1, 0, 1, 1, 2, 0, 0.5833333333333334, 0.5833333333333334, 0.5714285714285714, 0.5714285714285714, 0.6, 0.40000000000000036
124, 0.00461760461760459, 0.5699795574795576, 0.4871091871091879, 9, 1, 1, 0, 1, 0, 1, 0, 3, 0, 0.5714285714285714, 0.5714285714285714, 0.5454545454545454, 0.5454545454545454, 0.5555555555555556, 0.44444444444444464, 0.6, 0.40000000000000036
125, 0.0025252525252525276, 0.5336700336700325, 0.4966329966329961, 9, 1, 1, 0, 1, 0, 1, 0, 2, 1, 0.5454545454545454, 0.5454545454545454, 0.5, 0.5, 0.5555555555555556, 0.44444444444444464
126, 0.006944444444444503, 0.921296296296297, 0.19907407407407393, 9, 1, 1, 1, 0, 1, 1, 1, 4, 1, 1, 0, 0.875, 0.375, 0.8888888888888888, 0.22222222222222143
127, 0.001984126984126991, 0.8736772486772449, 0.32109788359788344, 9, 1, 1, 1, 0, 1, 1, 1, 4, 0, 0.875, 0.375, 0.8571428571428571, 0.4285714285714288, 0.875, 0.25, 0.8888888888888888, 0.22222222222222143
128, 0.01884920634920642, 0.8103244221665283, 0.47960178223336114, 9, 1, 1, 1, 0, 1, 1, 1, 3, 1, 0.8571428571428571, 0.4285714285714288, 0.75, 0.75, 0.7777777777777778, 0.44444444444444287, 0.875, 0.25
129, 0.006313131313131354, 0.7516835016834996, 0.6072390572390549, 9, 1, 1, 1, 0, 1, 1, 1, 3, 0, 0.75, 0.75, 0.7272727272727273, 0.7272727272727273, 0.75, 0.5, 0.7777777777777778, 0.44444444444444287
130, 0.00162337662337661, 0.7305194805194802, 0.6471861471861484, 9, 1, 1, 1, 0, 1, 1, 1, 2, 1, 0.7272727272727273, 0.7272727272727273, 0.7142857142857143, 0.7142857142857143, 0.75, 0.5
131, 0.005952380952380931, 0.710317460317463, 0.6269841269841289, 9, 1, 1, 1, 0, 1, 1, 0, 3, 1, 0.7142857142857143, 0.7142857142857143, 0.6666666666666666, 0.6666666666666666, 0.75, 0.5
132, 0.008928571428571397, 0.9107142857142891, 0.31547619047619035, 9, 1, 1, 1, 1, 0, 1, 1, 4, 1, 1, 0, 0.8571428571428571, 0.5714285714285712, 0.875, 0.375
133, 0.0029761904761904656, 0.8551587301587283, 0.5138888888888873, 9, 1, 1, 1, 1, 0, 1, 1, 4, 0, 0.8571428571428571, 0.5714285714285712, 0.8333333333333334, 0.6666666666666661, 0.8571428571428571, 0.4285714285714288, 0.875, 0.375
134, 0.013095238095238076, 0.8074314574314575, 0.6544733044733048, 9, 1, 1, 1, 1, 0, 1, 1, 3, 1, 0.8333333333333334, 0.6666666666666661, 0.8, 0.8, 0.75, 0.75, 0.8571428571428571, 0.4285714285714288
135, 0.011904761904761973, 0.8968253968253929, 0.4682539682539671, 9, 1, 1, 1, 1, 1, 0, 1, 4, 1, 1, 0, 0.8333333333333334, 0.8333333333333334, 0.8571428571428571, 0.5714285714285712
136, 0.0032467532467532756, 0.8362193362193354, 0.7224627224627221, 9, 1, 1, 1, 1, 1, 0, 1, 4, 0, 0.8333333333333334, 0.8333333333333334, 0.8181818181818182, 0.8181818181818182, 0.8333333333333334, 0.6666666666666661, 0.8571428571428571, 0.5714285714285712
137, 0.001515151515151525, 0.8171717171717194, 0.7616161616161607, 9, 1, 1, 1, 1, 1, 0, 1, 3, 1, 0.8181818181818182, 0.8181818181818182, 0.8, 0.8, 0.8333333333333334, 0.6666666666666661
138, 0.011904761904761862, 0.8968253968253982, 0.5634920634920633, 9, 1, 1, 1, 1, 1, 1, 0, 4, 1, 1, 0, 0.8571428571428571, 0.8571428571428571, 0.8333333333333334, 0.8333333333333334
139, 0.025974025974025983, 0.9220779220779218, 0.5887445887445885, 9, 1, 1, 1, 1, 1, 1, 1, 3, 1, 1, 0, 0.9090909090909091, 0.9090909090909091, 0.8571428571428571, 0.8571428571428571
140, 0.0037878787878787845, 0.9419191919191823, 0.6085858585858587, 9, 1, 1, 1, 1, 1, 1, 1, 4, 0, 1, 0, 0.9166666666666666, 0.9166666666666666, 0.9090909090909091, 0.9090909090909091
141, 0.041666666666666685, 0.9722222222222228, 0.638888888888889, 9, 1, 1, 1, 1, 1, 1, 1, 4, 1, 1, 0, 1, 1, 0.9166666666666666, 0.9166666666666666
