nr, area, centroidx, centroidy, numBars, pixPerBar0, ..., pixPerBarN, vertex1x, vertex1y, vertex2x, ...
0, 0.041666666666666664, 0.027777777777777776, 0.36111111111111105, 9, 0, 0, 0, 0, 0, 0, 0, 0, 0, 0, 0, 0.08333333333333333, 0.08333333333333333, 0, 1
1, 0.0037878787878787915, 0.05808080808080805, 0.3914141414141412, 9, 0, 0, 0, 0, 0, 0, 0, 0, 1, 0.08333333333333333, 0.08333333333333333, 0.09090909090909091, 0.09090909090909091, 0, 1
2, 0.010101010101010097, 0.06734006734006735, 0.4006734006734009, 9, 0, 0, 0, 0, 0, 0, 0, 1, 0, 0.09090909090909091, 0.09090909090909091, 0.1111111111111111, 0.1111111111111111, 0, 1
3, 0.0069444444444444475, 0.07870370370370368, 0.41203703703703703, 9, 0, 0, 0, 0, 0, 0, 1, 0, 0, 0.1111111111111111, 0.1111111111111111, 0.125, 0.125, 0, 1
4, 0.03273809523809523, 0.09938672438672441, 0.4673520923520924, 9, 0, 0, 0, 0, 0, 1, 0, 0, 0, 0.125, 0.125, 0.16666666666666666, 0.16666666666666666, 0.14285714285714285, 0.4285714285714286, 0, 1
5, 0.003246753246753248, 0.1637806637806638, 0.2775372775372775, 9, 0, 0, 0, 0, 0, 1, 0, 0, 1, 0.16666666666666666, 0.16666666666666666, 0.18181818181818182, 0.18181818181818182, 0.16666666666666666, 0.33333333333333326, 0.14285714285714285, 0.4285714285714286
6, 0.0015151515151515145, 0.1828282828282828, 0.23838383838383817, 9, 0, 0, 0, 0, 0, 1, 0, 1, 0, 0.18181818181818182, 0.18181818181818182, 0.2, 0.2, 0.16666666666666666, 0.33333333333333326
7, 0.010317460317460312, 0.18408628408628408, 0.3602767602767602, 9, 0, 0, 0, 0, 1, 0, 0, 1, 0, 0.2, 0.2, 0.2222222222222222, 0.2222222222222222, 0.2, 0.3999999999999999, 0.14285714285714285, 0.5714285714285714, 0.16666666666666666, 0.33333333333333326
8, 0.0029761904761904795, 0.14484126984126977, 0.48611111111111077, 9, 0, 0, 0, 0, 1, 0, 0, 0, 1, 0.14285714285714285, 0.5714285714285714, 0.125, 0.625, 0.14285714285714285, 0.4285714285714286, 0.16666666666666666, 0.33333333333333326
9, 0.008928571428571425, 0.08928571428571426, 0.6845238095238095, 9, 0, 0, 0, 0, 1, 0, 0, 0, 0, 0.125, 0.625, 0, 1, 0.14285714285714285, 0.4285714285714286
10, 0.0027777777777777783, 0.22407407407407398, 0.29074074074074063, 9, 0, 0, 0, 0, 1, 0, 1, 0, 0, 0.2222222222222222, 0.2222222222222222, 0.25, 0.25, 0.2, 0.3999999999999999
11, 0.008333333333333338, 0.2055555555555557, 0.4722222222222223, 9, 0, 0, 0, 1, 0, 0, 1, 0, 0, 0.25, 0.25, 0.2, 0.6000000000000001, 0.16666666666666666, 0.6666666666666667, 0.2, 0.3999999999999999
12, 0.007738095238095249, 0.16022588522588516, 0.5909035409035407, 9, 0, 0, 0, 1, 0, 0, 0, 1, 0, 0.16666666666666666, 0.6666666666666667, 0.125, 0.75, 0.14285714285714285, 0.5714285714285714, 0.2, 0.3999999999999999
13, 0.001984126984126991, 0.12632275132275114, 0.6789021164021154, 9, 0, 0, 0, 1, 0, 0, 0, 0, 1, 0.125, 0.75, 0.1111111111111111, 0.7777777777777777, 0.125, 0.625, 0.14285714285714285, 0.5714285714285714
14, 0.006944444444444434, 0.07870370370370372, 0.8009259259259264, 9, 0, 0, 0, 1, 0, 0, 0, 0, 0, 0.1111111111111111, 0.7777777777777777, 0, 1, 0.125, 0.625
15, 0.002777777777777775, 0.22407407407407387, 0.46851851851851917, 9, 0, 0, 0, 1, 0, 1, 0, 0, 0, 0.25, 0.25, 0.2222222222222222, 0.5555555555555554, 0.2, 0.6000000000000001
16, 0.006313131313131312, 0.24831649831649838, 0.3927609427609429, 9, 0, 0, 0, 1, 0, 1, 0, 0, 1, 0.25, 0.25, 0.2727272727272727, 0.2727272727272727, 0.25, 0.5, 0.2222222222222222, 0.5555555555555554
17, 0.007575757575757576, 0.28535353535353525, 0.3686868686868685, 9, 0, 0, 0, 1, 0, 1, 0, 1, 0, 0.2727272727272727, 0.2727272727272727, 0.3333333333333333, 0.3333333333333333, 0.25, 0.5
18, 0.019841269841269847, 0.274867724867725, 0.5751322751322749, 9, 0, 0, 1, 0, 0, 1, 0, 1, 0, 0.3333333333333333, 0.3333333333333333, 0.2857142857142857, 0.7142857142857144, 0.2222222222222222, 0.7777777777777777, 0.25, 0.5
19, 0.00555555555555555, 0.22407407407407406, 0.655555555555556, 9, 0, 0, 1, 0, 0, 1, 0, 0, 1, 0.2222222222222222, 0.7777777777777777, 0.2, 0.7999999999999998, 0.2222222222222222, 0.5555555555555554, 0.25, 0.5
20, 0.005555555555555536, 0.19629629629629639, 0.707407407407408, 9, 0, 0, 1, 0, 0, 1, 0, 0, 0, 0.2, 0.7999999999999998, 0.16666666666666666, 0.8333333333333333, 0.2, 0.6000000000000001, 0.2222222222222222, 0.5555555555555554
21, 0.0023809523809523864, 0.306349206349206, 0.5825396825396826, 9, 0, 0, 1, 0, 0, 1, 1, 0, 0, 0.3333333333333333, 0.3333333333333333, 0.3, 0.6999999999999997, 0.2857142857142857, 0.7142857142857144
22, 0.010606060606060605, 0.33232323232323246, 0.5132756132756131, 9, 0, 0, 1, 0, 0, 1, 1, 0, 1, 0.3333333333333333, 0.3333333333333333, 0.36363636363636365, 0.36363636363636365, 0.3333333333333333, 0.6666666666666667, 0.3, 0.6999999999999997
23, 0.0018939393939393784, 0.3573232323232322, 0.46843434343434615, 9, 0, 0, 1, 0, 0, 1, 1, 1, 0, 0.36363636363636365, 0.36363636363636365, 0.375, 0.375, 0.3333333333333333, 0.6666666666666667
24, 0.0041666666666666935, 0.3694444444444443, 0.4805555555555554, 9, 0, 0, 1, 0, 0, 2, 0, 1, 0, 0.375, 0.375, 0.4, 0.4, 0.3333333333333333, 0.6666666666666667
25, 0.004761904761904759, 0.1698412698412699, 0.7357142857142853, 9, 0, 0, 1, 0, 0, 0, 1, 0, 0, 0.16666666666666666, 0.8333333333333333, 0.14285714285714285, 0.8571428571428572, 0.16666666666666666, 0.6666666666666667, 0.2, 0.6000000000000001
26, 0.00496031746031745, 0.1374338624338626, 0.7875661375661385, 9, 0, 0, 1, 0, 0, 0, 0, 1, 0, 0.14285714285714285, 0.8571428571428572, 0.1111111111111111, 0.8888888888888888, 0.125, 0.75, 0.16666666666666666, 0.6666666666666667
27, 0.001388888888888891, 0.11203703703703706, 0.8277777777777772, 9, 0, 0, 1, 0, 0, 0, 0, 0, 1, 0.1111111111111111, 0.8888888888888888, 0.1, 0.8999999999999999, 0.1111111111111111, 0.7777777777777777, 0.125, 0.75
28, 0.00555555555555555, 0.07037037037037036, 0.8925925925925926, 9, 0, 0, 1, 0, 0, 0, 0, 0, 0, 0.1, 0.8999999999999999, 0, 1, 0.1111111111111111, 0.7777777777777777
29, 0.008333333333333318, 0.3833333333333332, 0.5388888888888886, 9, 0, 0, 1, 0, 1, 1, 0, 1, 0, 0.4, 0.4, 0.4166666666666667, 0.4166666666666667, 0.4, 0.5999999999999996, 0.3333333333333333, 0.6666666666666667
30, 0.0043650793650793634, 0.4218133718133719, 0.5057960557960555, 9, 0, 0, 1, 0, 1, 1, 0, 1, 1, 0.4166666666666667, 0.4166666666666667, 0.4444444444444444, 0.4444444444444444, 0.42857142857142855, 0.5714285714285716, 0.4, 0.5999999999999996
31, 0.0014430014430014543, 0.4425204425204414, 0.508658008658008, 9, 0, 0, 1, 0, 1, 1, 1, 0, 1, 0.4444444444444444, 0.4444444444444444, 0.45454545454545453, 0.45454545454545453, 0.4444444444444444, 0.5555555555555554, 0.42857142857142855, 0.5714285714285716
32, 0.0025252525252525138, 0.4663299663299664, 0.5033670033670039, 9, 0, 0, 1, 0, 1, 1, 1, 1, 0, 0.45454545454545453, 0.45454545454545453, 0.5, 0.5, 0.4444444444444444, 0.5555555555555554
33, 0.003968253968253982, 0.4576719576719574, 0.5899470899470897, 9, 0, 1, 0, 0, 1, 1, 1, 1, 0, 0.5, 0.5, 0.42857142857142855, 0.7142857142857144, 0.4444444444444444, 0.5555555555555554
34, 0.0031746031746031633, 0.42433862433862485, 0.6661375661375678, 9, 0, 1, 0, 0, 1, 1, 1, 0, 1, 0.42857142857142855, 0.7142857142857144, 0.4, 0.7999999999999998, 0.42857142857142855, 0.5714285714285716, 0.4444444444444444, 0.5555555555555554
35, 0.005357142857142866, 0.40119047619047626, 0.7043650793650786, 9, 0, 1, 0, 0, 1, 1, 0, 1, 1, 0.4, 0.7999999999999998, 0.375, 0.875, 0.4, 0.5999999999999996, 0.42857142857142855, 0.5714285714285716
36, 0.020833333333333356, 0.3494444444444443, 0.8049999999999997, 9, 0, 1, 0, 0, 1, 1, 0, 1, 0, 0.375, 0.875, 0.3333333333333333, 1, 0.3, 1, 0.3333333333333333, 0.6666666666666667, 0.4, 0.5999999999999996
37, 0.0023809523809523864, 0.306349206349205, 0.8888888888888876, 9, 0, 1, 0, 0, 1, 1, 0, 0, 1, 0.3, 1, 0.2857142857142857, 1, 0.3333333333333333, 0.6666666666666667
38, 0.004329004329004335, 0.29725829725829733, 0.865079365079364, 9, 0, 1, 0, 0, 1, 0, 1, 0, 1, 0.2857142857142857, 1, 0.2727272727272727, 1, 0.2857142857142857, 0.8571428571428572, 0.3333333333333333, 0.6666666666666667
39, 0.001623376623376624, 0.26948051948051954, 0.9523809523809516, 9, 0, 1, 0, 0, 1, 0, 1, 0, 0, 0.2727272727272727, 1, 0.25, 1, 0.2857142857142857, 0.8571428571428572
40, 0.0035714285714285726, 0.27857142857142825, 0.8285714285714298, 9, 0, 1, 0, 0, 0, 1, 1, 0, 0, 0.25, 1, 0.2857142857142857, 0.7142857142857144, 0.3, 0.6999999999999997, 0.2857142857142857, 0.8571428571428572
41, 0.0023809523809523586, 0.3063492063492086, 0.7412698412698455, 9, 0, 1, 0, 0, 0, 1, 1, 0, 1, 0.3, 0.6999999999999997, 0.3333333333333333, 0.6666666666666667, 0.2857142857142857, 0.8571428571428572
42, 0.0134920634920635, 0.24088079676314966, 0.8699035169623404, 9, 0, 1, 0, 0, 0, 1, 0, 1, 0, 0.25, 1, 0.2, 1, 0.2222222222222222, 0.7777777777777777, 0.2857142857142857, 0.7142857142857144
43, 0.004040404040404039, 0.20134680134680144, 0.8925925925925926, 9, 0, 1, 0, 0, 0, 1, 0, 0, 1, 0.2, 1, 0.18181818181818182, 1, 0.2, 0.7999999999999998, 0.2222222222222222, 0.7777777777777777
44, 0.006277056277056291, 0.1729760660795142, 0.9122605363984672, 9, 0, 1, 0, 0, 0, 1, 0, 0, 0, 0.18181818181818182, 1, 0.14285714285714285, 1, 0.16666666666666666, 0.8333333333333333, 0.2, 0.7999999999999998
45, 0.0029761904761904795, 0.14484126984126977, 0.9206349206349201, 9, 0, 1, 0, 0, 0, 0, 1, 0, 0, 0.14285714285714285, 1, 0.125, 1, 0.14285714285714285, 0.8571428571428572, 0.16666666666666666, 0.8333333333333333
46, 0.003373015873015875, 0.12044039838157479, 0.9349517584811703, 9, 0, 1, 0, 0, 0, 0, 0, 1, 0, 0.125, 1, 0.1, 1, 0.1111111111111111, 0.8888888888888888, 0.14285714285714285, 0.8571428571428572
47, 0.0010101010101010166, 0.10067340067340046, 0.9462962962962946, 9, 0, 1, 0, 0, 0, 0, 0, 0, 1, 0.1, 1, 0.09090909090909091, 1, 0.1, 0.8999999999999999, 0.1111111111111111, 0.8888888888888888
48, 0.004545454545454547, 0.0636363636363636, 0.9666666666666667, 9, 0, 1, 0, 0, 0, 0, 0, 0, 0, 0.09090909090909091, 1, 0, 1, 0.1, 0.8999999999999999
49, 0.014285714285714249, 0.4428571428571438, 0.7857142857142861, 9, 0, 1, 0, 1, 0, 1, 1, 1, 0, 0.5, 0.5, 0.42857142857142855, 1, 0.4, 1, 0.42857142857142855, 0.7142857142857144
50, 0.005357142857142866, 0.4011904761904758, 0.8825396825396822, 9, 0, 1, 0, 1, 0, 1, 1, 0, 1, 0.4, 1, 0.375, 1, 0.4, 0.7999999999999998, 0.42857142857142855, 0.7142857142857144
51, 0.0022727272727272596, 0.37954545454545524, 0.9125000000000018, 9, 0, 1, 0, 1, 0, 1, 0, 1, 1, 0.375, 1, 0.36363636363636365, 1, 0.375, 0.875, 0.4, 0.7999999999999998
52, 0.0018939393939393923, 0.35732323232323265, 0.9583333333333346, 9, 0, 1, 0, 1, 0, 1, 0, 1, 0, 0.36363636363636365, 1, 0.3333333333333333, 1, 0.375, 0.875
53, 0.006493506493506496, 0.46103896103895947, 0.8333333333333334, 9, 0, 1, 0, 1, 0, 2, 0, 1, 0, 0.5, 0.5, 0.45454545454545453, 1, 0.42857142857142855, 1
54, 0.022727272727272735, 0.5000000000000002, 0.757575757575758, 9, 0, 1, 0, 1, 0, 2, 0, 1, 1, 0.5, 0.5, 0.5454545454545454, 0.5454545454545454, 0.5, 1, 0.45454545454545453, 1
55, 0.0025252525252525415, 0.5336700336700323, 0.7003367003366989, 9, 0, 1, 0, 1, 0, 2, 0, 2, 0, 0.5454545454545454, 0.5454545454545454, 0.5555555555555556, 0.5555555555555556, 0.5, 1
56, 0.009920634920634913, 0.5478835978835973, 0.7288359788359793, 9, 0, 1, 0, 1, 0, 2, 1, 1, 0, 0.5555555555555556, 0.5555555555555556, 0.5833333333333334, 0.5833333333333334, 0.5714285714285714, 0.7142857142857144, 0.5, 1
57, 0.001190476190476214, 0.58492063492063, 0.6325396825396778, 9, 0, 1, 0, 1, 0, 2, 1, 1, 1, 0.5833333333333334, 0.5833333333333334, 0.6, 0.6, 0.5714285714285714, 0.7142857142857144
58, 0.00853174603174603, 0.5901962593823069, 0.7318721545465741, 9, 0, 1, 0, 1, 1, 1, 1, 1, 1, 0.6, 0.6, 0.625, 0.625, 0.6, 0.8000000000000007, 0.5555555555555556, 0.8888888888888884, 0.5714285714285714, 0.7142857142857144
59, 0.003968253968253926, 0.5423280423280432, 0.8677248677248705, 9, 0, 1, 0, 1, 1, 1, 1, 1, 0, 0.5555555555555556, 0.8888888888888884, 0.5, 1, 0.5714285714285714, 0.7142857142857144
60, 0.002272727272727315, 0.6204545454545387, 0.707954545454541, 9, 0, 1, 0, 1, 1, 2, 0, 1, 1, 0.625, 0.625, 0.6363636363636364, 0.6363636363636364, 0.625, 0.75, 0.6, 0.8000000000000007
61, 0.0018939393939393923, 0.642676767676768, 0.6843434343434346, 9, 0, 1, 0, 1, 1, 2, 0, 2, 0, 0.6363636363636364, 0.6363636363636364, 0.6666666666666666, 0.6666666666666666, 0.625, 0.75
62, 0.008333333333333304, 0.6305555555555553, 0.8472222222222231, 9, 0, 1, 1, 0, 1, 2, 0, 2, 0, 0.6666666666666666, 0.6666666666666666, 0.625, 1, 0.6, 1, 0.625, 0.75
63, 0.005357142857142838, 0.5988095238095247, 0.8944444444444458, 9, 0, 1, 1, 0, 1, 2, 0, 1, 1, 0.6, 1, 0.5714285714285714, 1, 0.6, 0.8000000000000007, 0.625, 0.75
64, 0.0018939393939393923, 0.6426767676767692, 0.8888888888888905, 9, 0, 1, 1, 0, 1, 2, 1, 1, 0, 0.6666666666666666, 0.6666666666666666, 0.6363636363636364, 1, 0.625, 1
65, 0.017316017316017285, 0.6800144300144304, 0.8324314574314576, 9, 0, 1, 1, 0, 1, 2, 1, 1, 1, 0.6666666666666666, 0.6666666666666666, 0.7272727272727273, 0.7272727272727273, 0.7142857142857143, 0.8571428571428568, 0.6666666666666666, 1, 0.6363636363636364, 1
66, 0.0016233766233766378, 0.7305194805194792, 0.7781385281385272, 9, 0, 1, 1, 0, 1, 2, 1, 2, 0, 0.7272727272727273, 0.7272727272727273, 0.75, 0.75, 0.7142857142857143, 0.8571428571428568
67, 0.0046176046176046315, 0.569979557479557, 0.9171296296296275, 9, 0, 1, 1, 0, 1, 1, 1, 1, 1, 0.5714285714285714, 1, 0.5454545454545454, 1, 0.5555555555555556, 0.8888888888888884, 0.6, 0.8000000000000007
68, 0.0025252525252525415, 0.5336700336700332, 0.9629629629629616, 9, 0, 1, 1, 0, 1, 1, 1, 1, 0, 0.5454545454545454, 1, 0.5, 1, 0.5555555555555556, 0.8888888888888884
69, 0.0035714285714285587, 0.7214285714285735, 0.8928571428571425, 9, 0, 1, 1, 1, 0, 2, 1, 2, 0, 0.75, 0.75, 0.7142857142857143, 1, 0.7, 1, 0.7142857142857143, 0.8571428571428568
70, 0.002380952380952428, 0.6936507936507906, 0.9523809523809462, 9, 0, 1, 1, 1, 0, 2, 1, 1, 1, 0.7, 1, 0.6666666666666666, 1, 0.7142857142857143, 0.8571428571428568
71, 0.0016233766233766378, 0.7305194805194792, 0.9166666666666666, 9, 0, 1, 1, 1, 0, 3, 0, 2, 0, 0.75, 0.75, 0.7272727272727273, 1, 0.7142857142857143, 1
72, 0.0063131313131312705, 0.7516835016835022, 0.8759259259259269, 9, 0, 1, 1, 1, 0, 3, 0, 2, 1, 0.75, 0.75, 0.7777777777777778, 0.7777777777777778, 0.75, 1, 0.7272727272727273, 1
73, 0.002777777777777768, 0.7759259259259293, 0.8592592592592626, 9, 0, 1, 1, 1, 0, 3, 1, 1, 1, 0.7777777777777778, 0.7777777777777778, 0.8, 0.8, 0.75, 1
74, 0.006818181818181834, 0.7893939393939384, 0.9171717171717163, 9, 0, 1, 1, 1, 1, 2, 1, 1, 1, 0.8, 0.8, 0.8181818181818182, 0.8181818181818182, 0.8, 1, 0.75, 1
75, 0.00303030303030305, 0.8171717171717163, 0.9141414141414121, 9, 0, 1, 1, 1, 1, 2, 1, 2, 0, 0.8181818181818182, 0.8181818181818182, 0.8333333333333334, 0.8333333333333334, 0.8181818181818182, 1, 0.8, 1
76, 0.006222943722943686, 0.8452773072338308, 0.9245169082125618, 9, 0, 1, 1, 1, 1, 2, 1, 2, 1, 0.8333333333333334, 0.8333333333333334, 0.875, 0.875, 0.8571428571428571, 1, 0.8181818181818182, 1
77, 0.0019841269841270326, 0.8736772486772406, 0.942129629629623, 9, 0, 1, 1, 1, 1, 3, 0, 2, 1, 0.875, 0.875, 0.8888888888888888, 0.8888888888888888, 0.875, 1, 0.8571428571428571, 1
78, 0.0023989898989899006, 0.892747651958177, 0.9502037923090553, 9, 0, 1, 1, 1, 1, 3, 1, 1, 1, 0.8888888888888888, 0.8888888888888888, 0.9090909090909091, 0.9090909090909091, 0.9, 1, 0.875, 1
79, 0.0007575757575757347, 0.9085858585858655, 0.9570707070707152, 9, 0, 1, 1, 1, 1, 3, 1, 2, 0, 0.9090909090909091, 0.9090909090909091, 0.9166666666666666, 0.9166666666666666, 0.9090909090909091, 1, 0.9, 1
80, 0.0037878787878787845, 0.9419191919191933, 0.9722222222222227, 9, 0, 1, 1, 1, 1, 3, 1, 2, 1, 0.9166666666666666, 0.9166666666666666, 1, 1, 0.9090909090909091, 1
81, 0.003787878787878788, 0.05808080808080809, 0.027777777777777776, 9, 1, 0, 0, 0, 0, 0, 0, 0, 0, 0, 0, 0.09090909090909091, 0, 0.08333333333333333, 0.08333333333333333
82, 0.0007575757575757581, 0.0914141414141414, 0.04292929292929293, 9, 1, 0, 0, 0, 0, 0, 0, 0, 1, 0.09090909090909091, 0, 0.1, 0, 0.09090909090909091, 0.09090909090909091, 0.08333333333333333, 0.08333333333333333
83, 0.002398989898989898, 0.10725234804182172, 0.04979620769094454, 9, 1, 0, 0, 0, 0, 0, 0, 1, 0, 0.1, 0, 0.125, 0, 0.1111111111111111, 0.1111111111111111, 0.09090909090909091, 0.09090909090909091
84, 0.001984126984126984, 0.12632275132275128, 0.05787037037037037, 9, 1, 0, 0, 0, 0, 0, 1, 0, 0, 0.125, 0, 0.14285714285714285, 0, 0.125, 0.125, 0.1111111111111111, 0.1111111111111111
85, 0.006222943722943724, 0.15472269276617107, 0.07548309178743959, 9, 1, 0, 0, 0, 0, 1, 0, 0, 0, 0.14285714285714285, 0, 0.18181818181818182, 0, 0.16666666666666666, 0.16666666666666666, 0.125, 0.125
86, 0.0030303030303030325, 0.1828282828282828, 0.08585858585858586, 9, 1, 0, 0, 0, 0, 1, 0, 0, 1, 0.18181818181818182, 0, 0.2, 0, 0.18181818181818182, 0.18181818181818182, 0.16666666666666666, 0.16666666666666666
87, 0.006818181818181817, 0.21060606060606063, 0.08282828282828288, 9, 1, 0, 0, 0, 0, 1, 0, 1, 0, 0.2, 0, 0.25, 0, 0.2, 0.2, 0.18181818181818182, 0.18181818181818182
88, 0.002777777777777775, 0.22407407407407406, 0.14074074074074072, 9, 1, 0, 0, 0, 1, 0, 0, 1, 0, 0.25, 0, 0.2222222222222222, 0.2222222222222222, 0.2, 0.2
89, 0.006313131313131312, 0.24831649831649838, 0.12407407407407407, 9, 1, 0, 0, 0, 1, 0, 1, 0, 0, 0.25, 0, 0.2727272727272727, 0, 0.25, 0.25, 0.2222222222222222, 0.2222222222222222
90, 0.001623376623376624, 0.2694805194805188, 0.08333333333333333, 9, 1, 0, 0, 0, 1, 0, 1, 0, 1, 0.2727272727272727, 0, 0.2857142857142857, 0, 0.25, 0.25
91, 0.0035714285714285726, 0.27857142857142825, 0.10714285714285693, 9, 1, 0, 0, 0, 1, 1, 0, 0, 1, 0.2857142857142857, 0, 0.3, 0, 0.2857142857142857, 0.1428571428571428, 0.25, 0.25
92, 0.0023809523809523794, 0.30634920634920665, 0.047619047619047596, 9, 1, 0, 0, 0, 1, 1, 0, 1, 0, 0.3, 0, 0.3333333333333333, 0, 0.2857142857142857, 0.1428571428571428
93, 0.017316017316017323, 0.3199855699855701, 0.16756854256854256, 9, 1, 0, 0, 1, 0, 1, 0, 1, 0, 0.3333333333333333, 0, 0.36363636363636365, 0, 0.3333333333333333, 0.3333333333333333, 0.2727272727272727, 0.2727272727272727, 0.2857142857142857, 0.1428571428571428
94, 0.0018939393939393923, 0.3573232323232308, 0.11111111111111131, 9, 1, 0, 0, 1, 0, 1, 0, 1, 1, 0.36363636363636365, 0, 0.375, 0, 0.3333333333333333, 0.3333333333333333
95, 0.0016233766233766204, 0.26948051948051943, 0.22186147186147195, 9, 1, 0, 0, 1, 0, 1, 0, 0, 1, 0.2727272727272727, 0.2727272727272727, 0.25, 0.25, 0.2857142857142857, 0.1428571428571428
96, 0.008333333333333331, 0.3694444444444451, 0.15277777777777796, 9, 1, 0, 0, 1, 0, 1, 1, 0, 1, 0.375, 0, 0.4, 0, 0.375, 0.25, 0.3333333333333333, 0.3333333333333333
97, 0.005357142857142859, 0.4011904761904755, 0.10555555555555571, 9, 1, 0, 0, 1, 0, 1, 1, 1, 0, 0.4, 0, 0.42857142857142855, 0, 0.4, 0.20000000000000018, 0.375, 0.25
98, 0.004617604617604611, 0.43002044252044297, 0.08287037037037019, 9, 1, 0, 0, 1, 0, 2, 0, 1, 0, 0.42857142857142855, 0, 0.45454545454545453, 0, 0.4444444444444444, 0.11111111111111072, 0.4, 0.20000000000000018
99, 0.0025252525252525172, 0.46632996632996576, 0.03703703703703693, 9, 1, 0, 0, 1, 0, 2, 0, 1, 1, 0.45454545454545453, 0, 0.5, 0, 0.4444444444444444, 0.11111111111111072
100, 0.003968253968253982, 0.4576719576719583, 0.1322751322751321, 9, 1, 0, 1, 0, 0, 2, 0, 1, 1, 0.5, 0, 0.42857142857142855, 0.2857142857142856, 0.4444444444444444, 0.11111111111111072
101, 0.008531746031746015, 0.40980374061769415, 0.2681278454534269, 9, 1, 0, 1, 0, 0, 2, 0, 1, 0, 0.42857142857142855, 0.2857142857142856, 0.4, 0.4, 0.375, 0.375, 0.4, 0.20000000000000018, 0.4444444444444444, 0.11111111111111072
102, 0.0022727272727272874, 0.3795454545454537, 0.29204545454545394, 9, 1, 0, 1, 0, 0, 1, 1, 1, 0, 0.375, 0.375, 0.36363636363636365, 0.36363636363636365, 0.375, 0.25, 0.4, 0.20000000000000018
103, 0.0018939393939393853, 0.3573232323232333, 0.3156565656565665, 9, 1, 0, 1, 0, 0, 1, 1, 0, 1, 0.36363636363636365, 0.36363636363636365, 0.3333333333333333, 0.3333333333333333, 0.375, 0.25
104, 0.009920634920634913, 0.4521164021164022, 0.27116402116402133, 9, 1, 0, 1, 0, 1, 1, 0, 1, 1, 0.5, 0, 0.4444444444444444, 0.4444444444444444, 0.4166666666666667, 0.4166666666666667, 0.42857142857142855, 0.2857142857142856
105, 0.0011904761904761932, 0.41507936507936566, 0.3674603174603179, 9, 1, 0, 1, 0, 1, 1, 0, 1, 0, 0.4166666666666667, 0.4166666666666667, 0.4, 0.4, 0.42857142857142855, 0.2857142857142856
106, 0.0025252525252525276, 0.4663299663299666, 0.299663299663299, 9, 1, 0, 1, 0, 1, 1, 1, 0, 1, 0.5, 0, 0.45454545454545453, 0.45454545454545453, 0.4444444444444444, 0.4444444444444444
107, 0.02272727272727272, 0.5000000000000001, 0.2424242424242425, 9, 1, 0, 1, 0, 1, 1, 1, 1, 0, 0.5, 0, 0.5454545454545454, 0, 0.5, 0.5, 0.45454545454545453, 0.45454545454545453
108, 0.006493506493506496, 0.5389610389610376, 0.16666666666666666, 9, 1, 0, 1, 0, 1, 1, 1, 1, 1, 0.5454545454545454, 0, 0.5714285714285714, 0, 0.5, 0.5
109, 0.01428571428571429, 0.5571428571428565, 0.21428571428571386, 9, 1, 0, 1, 0, 1, 2, 0, 1, 1, 0.5714285714285714, 0, 0.6, 0, 0.5714285714285714, 0.2857142857142856, 0.5, 0.5
110, 0.005357142857142838, 0.5988095238095238, 0.11746031746031713, 9, 1, 0, 1, 0, 1, 2, 0, 2, 0, 0.6, 0, 0.625, 0, 0.6, 0.1999999999999993, 0.5714285714285714, 0.2857142857142856
111, 0.0022727272727272735, 0.620454545454546, 0.08749999999999977, 9, 1, 0, 1, 0, 1, 2, 1, 1, 0, 0.625, 0, 0.6363636363636364, 0, 0.625, 0.125, 0.6, 0.1999999999999993
112, 0.0018939393939393923, 0.6426767676767667, 0.041666666666666664, 9, 1, 0, 1, 0, 1, 2, 1, 1, 1, 0.6363636363636364, 0, 0.6666666666666666, 0, 0.625, 0.125
113, 0.020833333333333308, 0.6505555555555557, 0.19499999999999992, 9, 1, 0, 1, 1, 0, 2, 1, 1, 1, 0.6666666666666666, 0, 0.7, 0, 0.6666666666666666, 0.3333333333333335, 0.6, 0.39999999999999947, 0.625, 0.125
114, 0.005357142857142866, 0.5988095238095233, 0.29563492063492003, 9, 1, 0, 1, 1, 0, 2, 1, 1, 0, 0.6, 0.39999999999999947, 0.5714285714285714, 0.4285714285714288, 0.6, 0.1999999999999993, 0.625, 0.125
115, 0.0023809523809523864, 0.6936507936507931, 0.11111111111111144, 9, 1, 0, 1, 1, 0, 2, 1, 2, 0, 0.7, 0, 0.7142857142857143, 0, 0.6666666666666666, 0.3333333333333335
116, 0.003174603174603177, 0.5756613756613752, 0.3338624338624337, 9, 1, 0, 1, 1, 0, 2, 0, 2, 0, 0.5714285714285714, 0.4285714285714288, 0.5555555555555556, 0.44444444444444464, 0.5714285714285714, 0.2857142857142856, 0.6, 0.1999999999999993
117, 0.003968253968253982, 0.542328042328042, 0.4100529100529103, 9, 1, 0, 1, 1, 0, 2, 0, 1, 1, 0.5555555555555556, 0.44444444444444464, 0.5, 0.5, 0.5714285714285714, 0.2857142857142856
118, 0.004329004329004349, 0.7027417027417042, 0.13492063492063505, 9, 1, 0, 1, 1, 0, 3, 0, 2, 0, 0.7142857142857143, 0, 0.7272727272727273, 0, 0.7142857142857143, 0.14285714285714324, 0.6666666666666666, 0.3333333333333335
119, 0.001623376623376624, 0.7305194805194826, 0.04761904761904772, 9, 1, 0, 1, 1, 0, 3, 0, 2, 1, 0.7272727272727273, 0, 0.75, 0, 0.7142857142857143, 0.14285714285714324
120, 0.0035714285714285865, 0.7214285714285719, 0.1714285714285717, 9, 1, 0, 1, 1, 1, 2, 0, 2, 1, 0.75, 0, 0.7142857142857143, 0.2857142857142865, 0.7, 0.29999999999999893, 0.7142857142857143, 0.14285714285714324
121, 0.0023809523809523447, 0.6936507936507935, 0.25873015873015837, 9, 1, 0, 1, 1, 1, 2, 0, 2, 0, 0.7, 0.29999999999999893, 0.6666666666666666, 0.3333333333333335, 0.7142857142857143, 0.14285714285714324
122, 0.013492063492063472, 0.7591192032368502, 0.1300964830376595, 9, 1, 0, 1, 1, 1, 2, 1, 1, 1, 0.75, 0, 0.8, 0, 0.7777777777777778, 0.22222222222222143, 0.7142857142857143, 0.2857142857142865
123, 0.004040404040404025, 0.7986531986531982, 0.10740740740740695, 9, 1, 0, 1, 1, 1, 2, 1, 2, 0, 0.8, 0, 0.8181818181818182, 0, 0.8, 0.1999999999999993, 0.7777777777777778, 0.22222222222222143
124, 0.006277056277056256, 0.8270239339204851, 0.08773946360153227, 9, 1, 0, 1, 1, 1, 2, 1, 2, 1, 0.8181818181818182, 0, 0.8571428571428571, 0, 0.8333333333333334, 0.16666666666666607, 0.8, 0.1999999999999993
125, 0.0029761904761904795, 0.8551587301587321, 0.0793650793650793, 9, 1, 0, 1, 1, 1, 3, 0, 2, 1, 0.8571428571428571, 0, 0.875, 0, 0.8571428571428571, 0.14285714285714324, 0.8333333333333334, 0.16666666666666607
126, 0.003373015873015861, 0.8795596016184245, 0.06504824151882958, 9, 1, 0, 1, 1, 1, 3, 1, 1, 1, 0.875, 0, 0.9, 0, 0.8888888888888888, 0.11111111111111072, 0.8571428571428571, 0.14285714285714324
127, 0.0010101010101010027, 0.8993265993266016, 0.0537037037037038, 9, 1, 0, 1, 1, 1, 3, 1, 2, 0, 0.9, 0, 0.9090909090909091, 0, 0.9, 0.09999999999999964, 0.8888888888888888, 0.11111111111111072
128, 0.004545454545454533, 0.9363636363636358, 0.033333333333333194, 9, 1, 0, 1, 1, 1, 3, 1, 2, 1, 0.9090909090909091, 0, 1, 0, 0.9, 0.09999999999999964
129, 0.005555555555555536, 0.9296296296296297, 0.1074074074074071, 9, 1, 1, 0, 1, 1, 3, 1, 2, 1, 1, 0, 0.8888888888888888, 0.22222222222222143, 0.9, 0.09999999999999964
130, 0.001388888888888884, 0.8879629629629613, 0.172222222222222, 9, 1, 1, 0, 1, 1, 3, 1, 2, 0, 0.8888888888888888, 0.22222222222222143, 0.875, 0.25, 0.8888888888888888, 0.11111111111111072, 0.9, 0.09999999999999964
131, 0.0049603174603174705, 0.8625661375661363, 0.21243386243386253, 9, 1, 1, 0, 1, 1, 3, 1, 1, 1, 0.875, 0.25, 0.8333333333333334, 0.3333333333333339, 0.8571428571428571, 0.14285714285714324, 0.8888888888888888, 0.11111111111111072
132, 0.004761904761904773, 0.8301587301587332, 0.2642857142857144, 9, 1, 1, 0, 1, 1, 3, 0, 2, 1, 0.8333333333333334, 0.3333333333333339, 0.8, 0.40000000000000036, 0.8333333333333334, 0.16666666666666607, 0.8571428571428571, 0.14285714285714324
133, 0.005555555555555591, 0.8037037037037013, 0.292592592592592, 9, 1, 1, 0, 1, 1, 2, 1, 2, 1, 0.8, 0.40000000000000036, 0.7777777777777778, 0.44444444444444287, 0.8, 0.1999999999999993, 0.8333333333333334, 0.16666666666666607
134, 0.005555555555555536, 0.7759259259259277, 0.34444444444444317, 9, 1, 1, 0, 1, 1, 2, 1, 2, 0, 0.7777777777777778, 0.44444444444444287, 0.75, 0.5, 0.7777777777777778, 0.22222222222222143, 0.8, 0.1999999999999993
135, 0.019841269841269826, 0.7251322751322747, 0.42486772486772506, 9, 1, 1, 0, 1, 1, 2, 1, 1, 1, 0.75, 0.5, 0.6666666666666666, 0.6666666666666666, 0.7142857142857143, 0.2857142857142865, 0.7777777777777778, 0.22222222222222143
136, 0.002380952380952428, 0.6936507936507926, 0.4174603174603159, 9, 1, 1, 0, 1, 1, 2, 0, 2, 1, 0.6666666666666666, 0.6666666666666666, 0.7, 0.29999999999999893, 0.7142857142857143, 0.2857142857142865
137, 0.010606060606060605, 0.6676767676767678, 0.48672438672438606, 9, 1, 1, 0, 1, 1, 2, 0, 2, 0, 0.6666666666666666, 0.6666666666666666, 0.6363636363636364, 0.6363636363636364, 0.6666666666666666, 0.3333333333333335, 0.7, 0.29999999999999893
138, 0.0018939393939393923, 0.6426767676767692, 0.5315656565656572, 9, 1, 1, 0, 1, 1, 2, 0, 1, 1, 0.6363636363636364, 0.6363636363636364, 0.625, 0.625, 0.6666666666666666, 0.3333333333333335
139, 0.004166666666666666, 0.6305555555555565, 0.5194444444444447, 9, 1, 1, 0, 1, 1, 1, 1, 1, 1, 0.625, 0.625, 0.6, 0.6, 0.6666666666666666, 0.3333333333333335
140, 0.008333333333333345, 0.6166666666666661, 0.4611111111111109, 9, 1, 1, 0, 1, 0, 2, 1, 1, 1, 0.6, 0.6, 0.5833333333333334, 0.5833333333333334, 0.6, 0.39999999999999947, 0.6666666666666666, 0.3333333333333335
141, 0.004365079365079391, 0.5781866281866276, 0.494203944203943, 9, 1, 1, 0, 1, 0, 2, 1, 1, 0, 0.5833333333333334, 0.5833333333333334, 0.5555555555555556, 0.5555555555555556, 0.5714285714285714, 0.4285714285714288, 0.6, 0.39999999999999947
142, 0.0014430014430014265, 0.5574795574795597, 0.4913419913419934, 9, 1, 1, 0, 1, 0, 2, 0, 2, 0, 0.5555555555555556, 0.5555555555555556, 0.5454545454545454, 0.5454545454545454, 0.5555555555555556, 0.44444444444444464, 0.5714285714285714, 0.4285714285714288
143, 0.0025252525252525276, 0.5336700336700325, 0.4966329966329961, 9, 1, 1, 0, 1, 0, 2, 0, 1, 1, 0.5454545454545454, 0.5454545454545454, 0.5, 0.5, 0.5555555555555556, 0.44444444444444464
144, 0.006944444444444503, 0.921296296296297, 0.19907407407407393, 9, 1, 1, 1, 0, 1, 3, 1, 2, 1, 1, 0, 0.875, 0.375, 0.8888888888888888, 0.22222222222222143
145, 0.001984126984126991, 0.8736772486772449, 0.32109788359788344, 9, 1, 1, 1, 0, 1, 3, 1, 2, 0, 0.875, 0.375, 0.8571428571428571, 0.4285714285714288, 0.875, 0.25, 0.8888888888888888, 0.22222222222222143
146, 0.007738095238095183, 0.839774114774116, 0.40909645909645964, 9, 1, 1, 1, 0, 1, 3, 1, 1, 1, 0.8571428571428571, 0.4285714285714288, 0.8, 0.5999999999999996, 0.8333333333333334, 0.3333333333333339, 0.875, 0.25
147, 0.008333333333333304, 0.7944444444444448, 0.5277777777777778, 9, 1, 1, 1, 0, 1, 3, 0, 2, 1, 0.8, 0.5999999999999996, 0.75, 0.75, 0.8, 0.40000000000000036, 0.8333333333333334, 0.3333333333333339
148, 0.002777777777777851, 0.775925925925926, 0.5314814814814821, 9, 1, 1, 1, 0, 1, 2, 1, 2, 1, 0.75, 0.75, 0.7777777777777778, 0.44444444444444287, 0.8, 0.40000000000000036
149, 0.006313131313131354, 0.7516835016834996, 0.6072390572390549, 9, 1, 1, 1, 0, 1, 2, 1, 2, 0, 0.75, 0.75, 0.7272727272727273, 0.7272727272727273, 0.75, 0.5, 0.7777777777777778, 0.44444444444444287
150, 0.007575757575757541, 0.7146464646464666, 0.631313131313133, 9, 1, 1, 1, 0, 1, 2, 1, 1, 1, 0.7272727272727273, 0.7272727272727273, 0.6666666666666666, 0.6666666666666666, 0.75, 0.5
151, 0.008928571428571397, 0.9107142857142891, 0.31547619047619035, 9, 1, 1, 1, 1, 0, 3, 1, 2, 1, 1, 0, 0.8571428571428571, 0.5714285714285712, 0.875, 0.375
152, 0.0029761904761904656, 0.8551587301587283, 0.5138888888888873, 9, 1, 1, 1, 1, 0, 3, 1, 2, 0, 0.8571428571428571, 0.5714285714285712, 0.8333333333333334, 0.6666666666666661, 0.8571428571428571, 0.4285714285714288, 0.875, 0.375
153, 0.010317460317460336, 0.8159137159137146, 0.6397232397232394, 9, 1, 1, 1, 1, 0, 3, 1, 1, 1, 0.8333333333333334, 0.6666666666666661, 0.8, 0.8, 0.7777777777777778, 0.7777777777777778, 0.8, 0.5999999999999996, 0.8571428571428571, 0.4285714285714288
154, 0.00277777777777774, 0.7759259259259305, 0.7092592592592625, 9, 1, 1, 1, 1, 0, 3, 0, 2, 1, 0.7777777777777778, 0.7777777777777778, 0.75, 0.75, 0.8, 0.5999999999999996
155, 0.03273809523809523, 0.9006132756132755, 0.5326479076479078, 9, 1, 1, 1, 1, 1, 2, 1, 2, 1, 1, 0, 0.875, 0.875, 0.8333333333333334, 0.8333333333333334, 0.8571428571428571, 0.5714285714285712
156, 0.0032467532467532756, 0.8362193362193354, 0.7224627224627221, 9, 1, 1, 1, 1, 1, 2, 1, 2, 0, 0.8333333333333334, 0.8333333333333334, 0.8181818181818182, 0.8181818181818182, 0.8333333333333334, 0.6666666666666661, 0.8571428571428571, 0.5714285714285712
157, 0.001515151515151525, 0.8171717171717194, 0.7616161616161607, 9, 1, 1, 1, 1, 1, 2, 1, 1, 1, 0.8181818181818182, 0.8181818181818182, 0.8, 0.8, 0.8333333333333334, 0.6666666666666661
158, 0.00694444444444442, 0.9212962962962973, 0.587962962962964, 9, 1, 1, 1, 1, 1, 3, 0, 2, 1, 1, 0, 0.8888888888888888, 0.8888888888888888, 0.875, 0.875
159, 0.01010101010101011, 0.9326599326599332, 0.599326599326598, 9, 1, 1, 1, 1, 1, 3, 1, 1, 1, 1, 0, 0.9090909090909091, 0.9090909090909091, 0.8888888888888888, 0.8888888888888888
160, 0.0037878787878787845, 0.9419191919191823, 0.6085858585858587, 9, 1, 1, 1, 1, 1, 3, 1, 2, 0, 1, 0, 0.9166666666666666, 0.9166666666666666, 0.9090909090909091, 0.9090909090909091
161, 0.041666666666666685, 0.9722222222222228, 0.638888888888889, 9, 1, 1, 1, 1, 1, 3, 1, 2, 1, 1, 0, 1, 1, 0.9166666666666666, 0.9166666666666666
