nr, area, centroidx, centroidy, numBars, pixPerBar0, ..., pixPerBarN, vertex1x, vertex1y, vertex2x, ...
0, 0.05555555555555555, 0.037037037037037035, 0.37037037037037035, 6, 0, 0, 0, 0, 0, 0, 0, 0, 0.1111111111111111, 0.1111111111111111, 0, 1
1, 0.0069444444444444475, 0.07870370370370368, 0.41203703703703703, 6, 0, 0, 0, 0, 0, 1, 0.1111111111111111, 0.1111111111111111, 0.125, 0.125, 0, 1
2, 0.008928571428571425, 0.0892857142857143, 0.42261904761904756, 6, 0, 0, 0, 0, 1, 0, 0.125, 0.125, 0.14285714285714285, 0.14285714285714285, 0, 1
3, 0.011904761904761904, 0.10317460317460318, 0.43650793650793673, 6, 0, 0, 0, 1, 0, 0, 0.14285714285714285, 0.14285714285714285, 0.16666666666666666, 0.16666666666666666, 0, 1
4, 0.03888888888888889, 0.1328042328042328, 0.48518518518518494, 6, 0, 0, 1, 0, 0, 0, 0.16666666666666666, 0.16666666666666666, 0.2222222222222222, 0.2222222222222222, 0.2, 0.3999999999999999, 0, 1
5, 0.0027777777777777783, 0.22407407407407398, 0.29074074074074063, 6, 0, 0, 1, 0, 0, 1, 0.2222222222222222, 0.2222222222222222, 0.25, 0.25, 0.2, 0.3999999999999999
6, 0.016071428571428577, 0.18373015873015874, 0.6333333333333334, 6, 0, 1, 0, 0, 0, 1, 0.25, 0.25, 0.14285714285714285, 1, 0.125, 1, 0.2, 0.3999999999999999
7, 0.037500000000000006, 0.10833333333333332, 0.8, 6, 0, 1, 0, 0, 0, 0, 0.125, 1, 0, 1, 0.2, 0.3999999999999999
8, 0.02380952380952378, 0.21626984126984133, 0.6011904761904763, 6, 0, 1, 0, 0, 1, 0, 0.25, 0.25, 0.2857142857142857, 0.2857142857142857, 0.16666666666666666, 1, 0.14285714285714285, 1
9, 0.03095238095238098, 0.25164835164835153, 0.6251526251526248, 6, 0, 1, 0, 1, 0, 0, 0.2857142857142857, 0.2857142857142857, 0.3333333333333333, 0.3333333333333333, 0.2, 1, 0.16666666666666666, 1
10, 0.016666666666666663, 0.2611111111111109, 0.777777777777778, 6, 0, 1, 1, 0, 0, 0, 0.3333333333333333, 0.3333333333333333, 0.25, 1, 0.2, 1
11, 0.026785714285714274, 0.31283068783068785, 0.6620370370370371, 6, 0, 1, 1, 0, 0, 1, 0.3333333333333333, 0.3333333333333333, 0.375, 0.375, 0.2857142857142857, 1, 0.25, 1
12, 0.03273809523809523, 0.3573232323232324, 0.687770562770563, 6, 0, 1, 1, 0, 1, 0, 0.375, 0.375, 0.42857142857142855, 0.42857142857142855, 0.3333333333333333, 1, 0.2857142857142857, 1
13, 0.012698412698412709, 0.39656084656084656, 0.6965608465608452, 6, 0, 1, 1, 1, 0, 0, 0.42857142857142855, 0.42857142857142855, 0.4444444444444444, 0.4444444444444444, 0.4, 0.7999999999999998, 0.3333333333333333, 1
14, 0.011111111111111113, 0.44814814814814796, 0.5814814814814813, 6, 0, 1, 1, 1, 0, 1, 0.4444444444444444, 0.4444444444444444, 0.5, 0.5, 0.4, 0.7999999999999998
15, 0.012500000000000011, 0.42500000000000054, 0.7999999999999993, 6, 0, 2, 0, 1, 0, 1, 0.5, 0.5, 0.4, 1, 0.375, 1, 0.4, 0.7999999999999998
16, 0.00416666666666668, 0.3694444444444433, 0.933333333333332, 6, 0, 2, 0, 1, 0, 0, 0.375, 1, 0.3333333333333333, 1, 0.4, 0.7999999999999998
17, 0.0071428571428571175, 0.4428571428571433, 0.8333333333333346, 6, 0, 2, 1, 0, 0, 1, 0.5, 0.5, 0.42857142857142855, 1, 0.4, 1
18, 0.03174603174603177, 0.49470899470899443, 0.7685185185185184, 6, 0, 2, 1, 0, 1, 0, 0.5, 0.5, 0.5555555555555556, 0.5555555555555556, 0.5, 1, 0.42857142857142855, 1
19, 0.003968253968253954, 0.5423280423280411, 0.7089947089947078, 6, 0, 2, 1, 0, 1, 1, 0.5555555555555556, 0.5555555555555556, 0.5714285714285714, 0.5714285714285714, 0.5, 1
20, 0.0267857142857143, 0.5654761904761908, 0.8035714285714285, 6, 0, 2, 1, 1, 0, 1, 0.5714285714285714, 0.5714285714285714, 0.625, 0.625, 0.5714285714285714, 1, 0.5, 1
21, 0.01369047619047617, 0.618133195307108, 0.8073671497584545, 6, 0, 2, 1, 1, 1, 0, 0.625, 0.625, 0.6666666666666666, 0.6666666666666666, 0.6, 1, 0.5714285714285714, 1
22, 0.00416666666666668, 0.6305555555555544, 0.8888888888888874, 6, 0, 2, 2, 0, 1, 0, 0.6666666666666666, 0.6666666666666666, 0.625, 1, 0.6, 1
23, 0.014880952380952384, 0.6686507936507945, 0.8380952380952389, 6, 0, 2, 2, 0, 1, 1, 0.6666666666666666, 0.6666666666666666, 0.7142857142857143, 0.7142857142857143, 0.6666666666666666, 1, 0.625, 1
24, 0.005952380952380931, 0.7103174603174599, 0.821428571428571, 6, 0, 2, 2, 1, 0, 1, 0.7142857142857143, 0.7142857142857143, 0.75, 0.75, 0.6666666666666666, 1
25, 0.005952380952380987, 0.710317460317461, 0.9166666666666643, 6, 0, 3, 1, 1, 0, 1, 0.75, 0.75, 0.7142857142857143, 1, 0.6666666666666666, 1
26, 0.007936507936507908, 0.7473544973544974, 0.8842592592592602, 6, 0, 3, 1, 1, 1, 0, 0.75, 0.75, 0.7777777777777778, 0.7777777777777778, 0.75, 1, 0.7142857142857143, 1
27, 0.011111111111111127, 0.7898148148148145, 0.8981481481481488, 6, 0, 3, 1, 1, 1, 1, 0.7777777777777778, 0.7777777777777778, 0.8333333333333334, 0.8333333333333334, 0.8, 1, 0.75, 1
28, 0.004761904761904745, 0.8301587301587323, 0.9246031746031752, 6, 0, 3, 2, 0, 1, 1, 0.8333333333333334, 0.8333333333333334, 0.8571428571428571, 0.8571428571428571, 0.8333333333333334, 1, 0.8, 1
29, 0.0029761904761904656, 0.8551587301587315, 0.9345238095238086, 6, 0, 3, 2, 1, 0, 1, 0.8571428571428571, 0.8571428571428571, 0.875, 0.875, 0.8571428571428571, 1, 0.8333333333333334, 1
30, 0.0019841269841270326, 0.8736772486772406, 0.942129629629623, 6, 0, 3, 2, 1, 1, 0, 0.875, 0.875, 0.8888888888888888, 0.8888888888888888, 0.875, 1, 0.8571428571428571, 1
31, 0.00694444444444442, 0.9212962962962973, 0.962962962962964, 6, 0, 3, 2, 1, 1, 1, 0.8888888888888888, 0.8888888888888888, 1, 1, 0.875, 1
32, 0.006944444444444444, 0.0787037037037037, 0.037037037037037035, 6, 1, 0, 0, 0, 0, 0, 0, 0, 0.125, 0, 0.1111111111111111, 0.1111111111111111
33, 0.001984126984126984, 0.12632275132275128, 0.05787037037037037, 6, 1, 0, 0, 0, 0, 1, 0.125, 0, 0.14285714285714285, 0, 0.125, 0.125, 0.1111111111111111, 0.1111111111111111
34, 0.002976190476190476, 0.1448412698412699, 0.06547619047619045, 6, 1, 0, 0, 0, 1, 0, 0.14285714285714285, 0, 0.16666666666666666, 0, 0.14285714285714285, 0.14285714285714285, 0.125, 0.125
35, 0.004761904761904762, 0.16984126984126985, 0.07539682539682539, 6, 1, 0, 0, 1, 0, 0, 0.16666666666666666, 0, 0.2, 0, 0.16666666666666666, 0.16666666666666666, 0.14285714285714285, 0.14285714285714285
36, 0.01111111111111111, 0.2101851851851852, 0.10185185185185187, 6, 1, 0, 1, 0, 0, 0, 0.2, 0, 0.25, 0, 0.2222222222222222, 0.2222222222222222, 0.16666666666666666, 0.16666666666666666
37, 0.007936507936507936, 0.25264550264550256, 0.11574074074074074, 6, 1, 0, 1, 0, 0, 1, 0.25, 0, 0.2857142857142857, 0, 0.25, 0.25, 0.2222222222222222, 0.2222222222222222
38, 0.005952380952380952, 0.2896825396825397, 0.08333333333333333, 6, 1, 0, 1, 0, 1, 0, 0.2857142857142857, 0, 0.3333333333333333, 0, 0.25, 0.25
39, 0.005952380952380952, 0.2896825396825399, 0.1785714285714285, 6, 1, 1, 0, 0, 1, 0, 0.3333333333333333, 0, 0.2857142857142857, 0.2857142857142857, 0.25, 0.25
40, 0.014880952380952384, 0.33134920634920617, 0.1619047619047619, 6, 1, 1, 0, 1, 0, 0, 0.3333333333333333, 0, 0.375, 0, 0.3333333333333333, 0.3333333333333333, 0.2857142857142857, 0.2857142857142857
41, 0.004166666666666666, 0.3694444444444451, 0.11111111111111102, 6, 1, 1, 0, 1, 0, 1, 0.375, 0, 0.4, 0, 0.3333333333333333, 0.3333333333333333
42, 0.013690476190476183, 0.3818668046928918, 0.19263285024154597, 6, 1, 1, 1, 0, 0, 1, 0.4, 0, 0.42857142857142855, 0, 0.375, 0.375, 0.3333333333333333, 0.3333333333333333
43, 0.026785714285714288, 0.4345238095238095, 0.1964285714285714, 6, 1, 1, 1, 0, 1, 0, 0.42857142857142855, 0, 0.5, 0, 0.42857142857142855, 0.42857142857142855, 0.375, 0.375
44, 0.003968253968253968, 0.45767195767195723, 0.29100529100529116, 6, 1, 1, 1, 1, 0, 0, 0.5, 0, 0.4444444444444444, 0.4444444444444444, 0.42857142857142855, 0.42857142857142855
45, 0.031746031746031744, 0.5052910052910051, 0.23148148148148148, 6, 1, 1, 1, 1, 0, 1, 0.5, 0, 0.5714285714285714, 0, 0.5, 0.5, 0.4444444444444444, 0.4444444444444444
46, 0.007142857142857145, 0.5571428571428585, 0.16666666666666666, 6, 1, 1, 1, 1, 1, 0, 0.5714285714285714, 0, 0.6, 0, 0.5, 0.5
47, 0.012499999999999956, 0.5749999999999994, 0.1999999999999998, 6, 1, 1, 2, 0, 1, 0, 0.6, 0, 0.625, 0, 0.6, 0.1999999999999993, 0.5, 0.5
48, 0.004166666666666652, 0.6305555555555553, 0.0666666666666665, 6, 1, 1, 2, 0, 1, 1, 0.625, 0, 0.6666666666666666, 0, 0.6, 0.1999999999999993
49, 0.012698412698412737, 0.6034391534391543, 0.3034391534391527, 6, 1, 2, 1, 0, 1, 1, 0.6666666666666666, 0, 0.5714285714285714, 0.5714285714285714, 0.5555555555555556, 0.5555555555555556, 0.6, 0.1999999999999993
50, 0.011111111111111127, 0.5518518518518514, 0.41851851851851857, 6, 1, 2, 1, 0, 1, 0, 0.5555555555555556, 0.5555555555555556, 0.5, 0.5, 0.6, 0.1999999999999993
51, 0.03273809523809526, 0.6426767676767675, 0.31222943722943725, 6, 1, 2, 1, 1, 0, 1, 0.6666666666666666, 0, 0.7142857142857143, 0, 0.625, 0.625, 0.5714285714285714, 0.5714285714285714
52, 0.026785714285714274, 0.6871693121693117, 0.33796296296296297, 6, 1, 2, 1, 1, 1, 0, 0.7142857142857143, 0, 0.75, 0, 0.6666666666666666, 0.6666666666666666, 0.625, 0.625
53, 0.016666666666666663, 0.7388888888888901, 0.22222222222222204, 6, 1, 2, 1, 1, 1, 1, 0.75, 0, 0.8, 0, 0.6666666666666666, 0.6666666666666666
54, 0.030952380952380953, 0.7483516483516484, 0.37484737484737524, 6, 1, 2, 2, 0, 1, 1, 0.8, 0, 0.8333333333333334, 0, 0.7142857142857143, 0.7142857142857143, 0.6666666666666666, 0.6666666666666666
55, 0.02380952380952378, 0.7837301587301595, 0.3988095238095238, 6, 1, 2, 2, 1, 0, 1, 0.8333333333333334, 0, 0.8571428571428571, 0, 0.75, 0.75, 0.7142857142857143, 0.7142857142857143
56, 0.016071428571428625, 0.8162698412698379, 0.36666666666666664, 6, 1, 2, 2, 1, 1, 0, 0.8571428571428571, 0, 0.875, 0, 0.8, 0.5999999999999996, 0.75, 0.75
57, 0.03749999999999998, 0.8916666666666669, 0.20000000000000004, 6, 1, 2, 2, 1, 1, 1, 0.875, 0, 1, 0, 0.8, 0.5999999999999996
58, 0.03888888888888897, 0.8671957671957663, 0.5148148148148145, 6, 1, 3, 1, 1, 1, 1, 1, 0, 0.8333333333333334, 0.8333333333333334, 0.7777777777777778, 0.7777777777777778, 0.8, 0.5999999999999996
59, 0.00277777777777774, 0.7759259259259305, 0.7092592592592625, 6, 1, 3, 1, 1, 1, 0, 0.7777777777777778, 0.7777777777777778, 0.75, 0.75, 0.8, 0.5999999999999996
60, 0.011904761904761862, 0.8968253968253982, 0.5634920634920633, 6, 1, 3, 2, 0, 1, 1, 1, 0, 0.8571428571428571, 0.8571428571428571, 0.8333333333333334, 0.8333333333333334
61, 0.008928571428571452, 0.9107142857142835, 0.5773809523809522, 6, 1, 3, 2, 1, 0, 1, 1, 0, 0.875, 0.875, 0.8571428571428571, 0.8571428571428571
62, 0.00694444444444442, 0.9212962962962973, 0.587962962962964, 6, 1, 3, 2, 1, 1, 0, 1, 0, 0.8888888888888888, 0.8888888888888888, 0.875, 0.875
63, 0.05555555555555558, 0.9629629629629628, 0.6296296296296294, 6, 1, 3, 2, 1, 1, 1, 1, 0, 1, 1, 0.8888888888888888, 0.8888888888888888
