nr, area, centroidx, centroidy, numBars, pixPerBar0, ..., pixPerBarN, vertex1x, vertex1y, vertex2x, ...
0, 0.05555555555555555, 0.037037037037037035, 0.37037037037037035, 6, 0, 0, 0, 0, 0, 0, 0, 0, 0.1111111111111111, 0.1111111111111111, 0, 1
1, 0.0069444444444444475, 0.07870370370370368, 0.41203703703703703, 6, 0, 0, 0, 0, 0, 1, 0.1111111111111111, 0.1111111111111111, 0.125, 0.125, 0, 1
2, 0.008928571428571425, 0.0892857142857143, 0.42261904761904756, 6, 0, 0, 0, 0, 1, 0, 0.125, 0.125, 0.14285714285714285, 0.14285714285714285, 0, 1
3, 0.02857142857142858, 0.1142857142857143, 0.44761904761904747, 6, 0, 0, 0, 1, 0, 0, 0.14285714285714285, 0.14285714285714285, 0.2, 0.2, 0, 1
4, 0.03888888888888889, 0.1328042328042328, 0.5851851851851853, 6, 0, 0, 1, 0, 0, 0, 0.2, 0.2, 0.2222222222222222, 0.2222222222222222, 0.16666666666666666, 0.6666666666666667, 0, 1
5, 0.011111111111111113, 0.2101851851851854, 0.4268518518518521, 6, 0, 0, 1, 0, 0, 1, 0.2222222222222222, 0.2222222222222222, 0.25, 0.25, 0.2, 0.6000000000000001, 0.16666666666666666, 0.6666666666666667
6, 0.010714285714285711, 0.24523809523809523, 0.4063492063492064, 6, 0, 0, 1, 0, 1, 0, 0.25, 0.25, 0.2857142857142857, 0.2857142857142857, 0.25, 0.5, 0.2, 0.6000000000000001
7, 0.005952380952380952, 0.2896825396825397, 0.3730158730158729, 6, 0, 0, 1, 1, 0, 0, 0.2857142857142857, 0.2857142857142857, 0.3333333333333333, 0.3333333333333333, 0.25, 0.5
8, 0.04166666666666668, 0.24999999999999983, 0.7222222222222222, 6, 0, 1, 0, 1, 0, 0, 0.3333333333333333, 0.3333333333333333, 0.25, 1, 0.16666666666666666, 1, 0.25, 0.5
9, 0.020833333333333315, 0.3194444444444445, 0.5972222222222224, 6, 0, 1, 0, 1, 0, 1, 0.3333333333333333, 0.3333333333333333, 0.375, 0.375, 0.3333333333333333, 0.6666666666666665, 0.25, 1
10, 0.004166666666666666, 0.3694444444444451, 0.4805555555555553, 6, 0, 1, 0, 1, 1, 0, 0.375, 0.375, 0.4, 0.4, 0.3333333333333333, 0.6666666666666665
11, 0.013095238095238104, 0.19256854256854247, 0.7606060606060597, 6, 0, 1, 0, 0, 1, 0, 0.16666666666666666, 1, 0.14285714285714285, 1, 0.2, 0.6000000000000001, 0.25, 0.5
12, 0.007738095238095231, 0.16022588522588538, 0.8068376068376072, 6, 0, 1, 0, 0, 0, 1, 0.14285714285714285, 1, 0.125, 1, 0.16666666666666666, 0.6666666666666667, 0.2, 0.6000000000000001
13, 0.02083333333333333, 0.09722222222222218, 0.8888888888888888, 6, 0, 1, 0, 0, 0, 0, 0.125, 1, 0, 1, 0.16666666666666666, 0.6666666666666667
14, 0.028571428571428567, 0.35555555555555546, 0.7179894179894184, 6, 0, 1, 1, 0, 1, 0, 0.4, 0.4, 0.42857142857142855, 0.42857142857142855, 0.3333333333333333, 1, 0.2857142857142857, 1, 0.3333333333333333, 0.6666666666666665
15, 0.005952380952380959, 0.28968253968253993, 0.8888888888888886, 6, 0, 1, 1, 0, 0, 1, 0.2857142857142857, 1, 0.25, 1, 0.3333333333333333, 0.6666666666666665
16, 0.01686507936507939, 0.38986150015561777, 0.7550575785869896, 6, 0, 1, 1, 1, 0, 0, 0.42857142857142855, 0.42857142857142855, 0.4444444444444444, 0.4444444444444444, 0.375, 1, 0.3333333333333333, 1
17, 0.030753968253968228, 0.4375106673493773, 0.7287933094384706, 6, 0, 1, 1, 1, 0, 1, 0.4444444444444444, 0.4444444444444444, 0.5, 0.5, 0.42857142857142855, 1, 0.375, 1
18, 0.03174603174603177, 0.49470899470899443, 0.7685185185185184, 6, 0, 1, 1, 1, 1, 0, 0.5, 0.5, 0.5555555555555556, 0.5555555555555556, 0.5, 1, 0.42857142857142855, 1
19, 0.003968253968253954, 0.5423280423280411, 0.7089947089947078, 6, 0, 1, 1, 1, 1, 1, 0.5555555555555556, 0.5555555555555556, 0.5714285714285714, 0.5714285714285714, 0.5, 1
20, 0.007142857142857145, 0.5571428571428585, 0.7238095238095245, 6, 0, 1, 1, 2, 0, 1, 0.5714285714285714, 0.5714285714285714, 0.6, 0.6, 0.5, 1
21, 0.012500000000000039, 0.5750000000000001, 0.7750000000000004, 6, 0, 1, 2, 1, 0, 1, 0.6, 0.6, 0.625, 0.625, 0.6, 0.8000000000000007, 0.5, 1
22, 0.00416666666666668, 0.6305555555555544, 0.6972222222222213, 6, 0, 1, 2, 1, 1, 0, 0.625, 0.625, 0.6666666666666666, 0.6666666666666666, 0.6, 0.8000000000000007
23, 0.01369047619047617, 0.618133195307108, 0.8657004830917876, 6, 0, 2, 1, 1, 1, 0, 0.6666666666666666, 0.6666666666666666, 0.625, 1, 0.5714285714285714, 1, 0.6, 0.8000000000000007
24, 0.014880952380952384, 0.6686507936507945, 0.8380952380952389, 6, 0, 2, 1, 1, 1, 1, 0.6666666666666666, 0.6666666666666666, 0.7142857142857143, 0.7142857142857143, 0.6666666666666666, 1, 0.625, 1
25, 0.0071428571428571175, 0.5571428571428554, 0.9333333333333323, 6, 0, 2, 1, 1, 0, 1, 0.5714285714285714, 1, 0.5, 1, 0.6, 0.8000000000000007
26, 0.011904761904761918, 0.7103174603174605, 0.8690476190476178, 6, 0, 2, 1, 2, 0, 1, 0.7142857142857143, 0.7142857142857143, 0.75, 0.75, 0.7142857142857143, 1, 0.6666666666666666, 1
27, 0.007936507936507908, 0.7473544973544974, 0.8842592592592602, 6, 0, 2, 1, 2, 1, 0, 0.75, 0.75, 0.7777777777777778, 0.7777777777777778, 0.75, 1, 0.7142857142857143, 1
28, 0.002777777777777768, 0.7759259259259293, 0.8592592592592626, 6, 0, 2, 1, 2, 1, 1, 0.7777777777777778, 0.7777777777777778, 0.8, 0.8, 0.75, 1
29, 0.013095238095238104, 0.8074314574314565, 0.9160173160173161, 6, 0, 2, 2, 1, 1, 1, 0.8, 0.8, 0.8571428571428571, 0.8571428571428571, 0.8333333333333334, 1, 0.75, 1
30, 0.0029761904761904656, 0.8551587301587315, 0.9345238095238086, 6, 0, 2, 2, 2, 0, 1, 0.8571428571428571, 0.8571428571428571, 0.875, 0.875, 0.8571428571428571, 1, 0.8333333333333334, 1
31, 0.0019841269841270326, 0.8736772486772406, 0.942129629629623, 6, 0, 2, 2, 2, 1, 0, 0.875, 0.875, 0.8888888888888888, 0.8888888888888888, 0.875, 1, 0.8571428571428571, 1
32, 0.00694444444444442, 0.9212962962962973, 0.962962962962964, 6, 0, 2, 2, 2, 1, 1, 0.8888888888888888, 0.8888888888888888, 1, 1, 0.875, 1
33, 0.006944444444444444, 0.0787037037037037, 0.037037037037037035, 6, 1, 0, 0, 0, 0, 0, 0, 0, 0.125, 0, 0.1111111111111111, 0.1111111111111111
34, 0.001984126984126984, 0.12632275132275128, 0.05787037037037037, 6, 1, 0, 0, 0, 0, 1, 0.125, 0, 0.14285714285714285, 0, 0.125, 0.125, 0.1111111111111111, 0.1111111111111111
35, 0.002976190476190476, 0.1448412698412699, 0.06547619047619045, 6, 1, 0, 0, 0, 1, 0, 0.14285714285714285, 0, 0.16666666666666666, 0, 0.14285714285714285, 0.14285714285714285, 0.125, 0.125
36, 0.013095238095238097, 0.19256854256854258, 0.083982683982684, 6, 1, 0, 0, 1, 0, 0, 0.16666666666666666, 0, 0.25, 0, 0.2, 0.2, 0.14285714285714285, 0.14285714285714285
37, 0.002777777777777775, 0.22407407407407406, 0.14074074074074072, 6, 1, 0, 1, 0, 0, 0, 0.25, 0, 0.2222222222222222, 0.2222222222222222, 0.2, 0.2
38, 0.007936507936507936, 0.25264550264550256, 0.11574074074074074, 6, 1, 0, 1, 0, 0, 1, 0.25, 0, 0.2857142857142857, 0, 0.25, 0.25, 0.2222222222222222, 0.2222222222222222
39, 0.011904761904761904, 0.2896825396825398, 0.1309523809523809, 6, 1, 0, 1, 0, 1, 0, 0.2857142857142857, 0, 0.3333333333333333, 0, 0.2857142857142857, 0.2857142857142857, 0.25, 0.25
40, 0.014880952380952384, 0.33134920634920617, 0.1619047619047619, 6, 1, 0, 1, 1, 0, 0, 0.3333333333333333, 0, 0.375, 0, 0.3333333333333333, 0.3333333333333333, 0.2857142857142857, 0.2857142857142857
41, 0.013690476190476197, 0.3818668046928916, 0.13429951690821257, 6, 1, 0, 1, 1, 0, 1, 0.375, 0, 0.42857142857142855, 0, 0.4, 0.20000000000000018, 0.3333333333333333, 0.3333333333333333
42, 0.007142857142857152, 0.44285714285714306, 0.06666666666666674, 6, 1, 0, 1, 1, 1, 0, 0.42857142857142855, 0, 0.5, 0, 0.4, 0.20000000000000018
43, 0.012499999999999983, 0.4250000000000002, 0.22500000000000017, 6, 1, 1, 0, 1, 1, 0, 0.5, 0, 0.4, 0.4, 0.375, 0.375, 0.4, 0.20000000000000018
44, 0.004166666666666673, 0.3694444444444442, 0.30277777777777776, 6, 1, 1, 0, 1, 0, 1, 0.375, 0.375, 0.3333333333333333, 0.3333333333333333, 0.4, 0.20000000000000018
45, 0.007142857142857131, 0.44285714285714306, 0.27619047619047604, 6, 1, 1, 1, 0, 1, 0, 0.5, 0, 0.42857142857142855, 0.42857142857142855, 0.4, 0.4
46, 0.003968253968253968, 0.45767195767195723, 0.29100529100529116, 6, 1, 1, 1, 1, 0, 0, 0.5, 0, 0.4444444444444444, 0.4444444444444444, 0.42857142857142855, 0.42857142857142855
47, 0.031746031746031744, 0.5052910052910051, 0.23148148148148148, 6, 1, 1, 1, 1, 0, 1, 0.5, 0, 0.5714285714285714, 0, 0.5, 0.5, 0.4444444444444444, 0.4444444444444444
48, 0.030753968253968256, 0.5624893326506231, 0.2712066905615293, 6, 1, 1, 1, 1, 1, 0, 0.5714285714285714, 0, 0.625, 0, 0.5555555555555556, 0.5555555555555556, 0.5, 0.5
49, 0.01686507936507936, 0.6101384998443826, 0.2449424214130094, 6, 1, 1, 1, 1, 1, 1, 0.625, 0, 0.6666666666666666, 0, 0.5714285714285714, 0.5714285714285714, 0.5555555555555556, 0.5555555555555556
50, 0.028571428571428553, 0.6444444444444444, 0.28201058201058193, 6, 1, 1, 1, 2, 0, 1, 0.6666666666666666, 0, 0.7142857142857143, 0, 0.6666666666666666, 0.33333333333333304, 0.6, 0.6, 0.5714285714285714, 0.5714285714285714
51, 0.005952380952380945, 0.7103174603174582, 0.11111111111111124, 6, 1, 1, 1, 2, 1, 0, 0.7142857142857143, 0, 0.75, 0, 0.6666666666666666, 0.33333333333333304
52, 0.02083333333333337, 0.6805555555555555, 0.4027777777777775, 6, 1, 1, 2, 1, 1, 0, 0.75, 0, 0.6666666666666666, 0.6666666666666666, 0.625, 0.625, 0.6666666666666666, 0.33333333333333304
53, 0.041666666666666685, 0.7500000000000006, 0.2777777777777778, 6, 1, 1, 2, 1, 1, 1, 0.75, 0, 0.8333333333333334, 0, 0.75, 0.5, 0.6666666666666666, 0.6666666666666666
54, 0.004166666666666666, 0.6305555555555543, 0.5194444444444447, 6, 1, 1, 2, 1, 0, 1, 0.625, 0.625, 0.6, 0.6, 0.6666666666666666, 0.33333333333333304
55, 0.013095238095238104, 0.8074314574314551, 0.23939393939393985, 6, 1, 1, 2, 2, 0, 1, 0.8333333333333334, 0, 0.8571428571428571, 0, 0.8, 0.40000000000000036, 0.75, 0.5
56, 0.007738095238095266, 0.8397741147741178, 0.19316239316239345, 6, 1, 1, 2, 2, 1, 0, 0.8571428571428571, 0, 0.875, 0, 0.8333333333333334, 0.3333333333333339, 0.8, 0.40000000000000036
57, 0.02083333333333337, 0.9027777777777779, 0.1111111111111113, 6, 1, 1, 2, 2, 1, 1, 0.875, 0, 1, 0, 0.8333333333333334, 0.3333333333333339
58, 0.03888888888888886, 0.8671957671957669, 0.41481481481481547, 6, 1, 2, 1, 2, 1, 1, 1, 0, 0.8, 0.8, 0.7777777777777778, 0.7777777777777778, 0.8333333333333334, 0.3333333333333339
59, 0.011111111111111044, 0.7898148148148163, 0.5731481481481486, 6, 1, 2, 1, 2, 1, 0, 0.7777777777777778, 0.7777777777777778, 0.75, 0.75, 0.8, 0.40000000000000036, 0.8333333333333334, 0.3333333333333339
60, 0.01071428571428576, 0.7547619047619033, 0.5936507936507931, 6, 1, 2, 1, 2, 0, 1, 0.75, 0.75, 0.7142857142857143, 0.7142857142857143, 0.75, 0.5, 0.8, 0.40000000000000036
61, 0.005952380952380931, 0.710317460317463, 0.6269841269841289, 6, 1, 2, 1, 1, 1, 1, 0.7142857142857143, 0.7142857142857143, 0.6666666666666666, 0.6666666666666666, 0.75, 0.5
62, 0.028571428571428525, 0.8857142857142861, 0.5523809523809521, 6, 1, 2, 2, 1, 1, 1, 1, 0, 0.8571428571428571, 0.8571428571428571, 0.8, 0.8
63, 0.008928571428571452, 0.9107142857142835, 0.5773809523809522, 6, 1, 2, 2, 2, 0, 1, 1, 0, 0.875, 0.875, 0.8571428571428571, 0.8571428571428571
64, 0.00694444444444442, 0.9212962962962973, 0.587962962962964, 6, 1, 2, 2, 2, 1, 0, 1, 0, 0.8888888888888888, 0.8888888888888888, 0.875, 0.875
65, 0.05555555555555558, 0.9629629629629628, 0.6296296296296294, 6, 1, 2, 2, 2, 1, 1, 1, 0, 1, 1, 0.8888888888888888, 0.8888888888888888
