nr, area, centroidx, centroidy, numBars, pixPerBar0, ..., pixPerBarN, vertex1x, vertex1y, vertex2x, ...
0, 0.05555555555555555, 0.037037037037037035, 0.37037037037037035, 6, 0, 0, 0, 0, 0, 0, 0, 0, 0.1111111111111111, 0.1111111111111111, 0, 1
1, 0.0069444444444444475, 0.07870370370370368, 0.41203703703703703, 6, 0, 0, 0, 0, 0, 1, 0.1111111111111111, 0.1111111111111111, 0.125, 0.125, 0, 1
2, 0.037500000000000006, 0.10833333333333335, 0.44166666666666654, 6, 0, 0, 0, 0, 1, 0, 0.125, 0.125, 0.2, 0.2, 0, 1
3, 0.022222222222222213, 0.14074074074074075, 0.5074074074074073, 6, 0, 0, 0, 1, 0, 0, 0.2, 0.2, 0.2222222222222222, 0.2222222222222222, 0.2, 0.3999999999999999, 0, 1
4, 0.0027777777777777783, 0.22407407407407398, 0.29074074074074063, 6, 0, 0, 0, 1, 0, 1, 0.2222222222222222, 0.2222222222222222, 0.25, 0.25, 0.2, 0.3999999999999999
5, 0.013095238095238083, 0.19256854256854264, 0.5680375180375178, 6, 0, 0, 1, 0, 0, 1, 0.25, 0.25, 0.16666666666666666, 0.8333333333333333, 0.14285714285714285, 0.8571428571428572, 0.2, 0.3999999999999999
6, 0.02857142857142858, 0.11428571428571427, 0.7523809523809527, 6, 0, 0, 1, 0, 0, 0, 0.14285714285714285, 0.8571428571428572, 0, 1, 0.2, 0.3999999999999999
7, 0.0476190476190476, 0.25496031746031766, 0.5367063492063494, 6, 0, 0, 1, 0, 1, 0, 0.25, 0.25, 0.3333333333333333, 0.3333333333333333, 0.2857142857142857, 0.7142857142857144, 0.16666666666666666, 0.8333333333333333
8, 0.01488095238095237, 0.33134920634920634, 0.5186507936507943, 6, 0, 0, 1, 0, 1, 1, 0.3333333333333333, 0.3333333333333333, 0.375, 0.375, 0.3333333333333333, 0.6666666666666667, 0.2857142857142857, 0.7142857142857144
9, 0.0041666666666666935, 0.3694444444444443, 0.4805555555555554, 6, 0, 0, 1, 0, 2, 0, 0.375, 0.375, 0.4, 0.4, 0.3333333333333333, 0.6666666666666667
10, 0.012698412698412723, 0.3965608465608461, 0.5275132275132272, 6, 0, 0, 1, 1, 1, 0, 0.4, 0.4, 0.4444444444444444, 0.4444444444444444, 0.42857142857142855, 0.5714285714285716, 0.3333333333333333, 0.6666666666666667
11, 0.003968253968253968, 0.4576719576719581, 0.5052910052910057, 6, 0, 0, 1, 1, 1, 1, 0.4444444444444444, 0.4444444444444444, 0.5, 0.5, 0.42857142857142855, 0.5714285714285716
12, 0.007142857142857131, 0.4428571428571427, 0.6238095238095241, 6, 0, 1, 0, 1, 1, 1, 0.5, 0.5, 0.4, 0.7999999999999998, 0.42857142857142855, 0.5714285714285716
13, 0.02857142857142854, 0.35555555555555574, 0.7931216931216933, 6, 0, 1, 0, 1, 1, 0, 0.4, 0.7999999999999998, 0.3333333333333333, 1, 0.2857142857142857, 1, 0.3333333333333333, 0.6666666666666667, 0.42857142857142855, 0.5714285714285716
14, 0.005952380952380945, 0.2896825396825406, 0.8888888888888892, 6, 0, 1, 0, 1, 0, 1, 0.2857142857142857, 1, 0.25, 1, 0.3333333333333333, 0.6666666666666667
15, 0.005952380952380945, 0.28968253968253904, 0.7936507936507945, 6, 0, 1, 0, 0, 1, 1, 0.25, 1, 0.2857142857142857, 0.7142857142857144, 0.3333333333333333, 0.6666666666666667
16, 0.023809523809523815, 0.21626984126984125, 0.8849206349206347, 6, 0, 1, 0, 0, 1, 0, 0.25, 1, 0.14285714285714285, 1, 0.16666666666666666, 0.8333333333333333, 0.2857142857142857, 0.7142857142857144
17, 0.0029761904761904795, 0.14484126984126977, 0.9206349206349201, 6, 0, 1, 0, 0, 0, 1, 0.14285714285714285, 1, 0.125, 1, 0.14285714285714285, 0.8571428571428572, 0.16666666666666666, 0.8333333333333333
18, 0.008928571428571425, 0.08928571428571426, 0.952380952380952, 6, 0, 1, 0, 0, 0, 0, 0.125, 1, 0, 1, 0.14285714285714285, 0.8571428571428572
19, 0.01964285714285713, 0.431493506493507, 0.8121212121212116, 6, 0, 1, 1, 0, 1, 1, 0.5, 0.5, 0.42857142857142855, 1, 0.375, 1, 0.4, 0.7999999999999998
20, 0.00416666666666668, 0.3694444444444433, 0.933333333333332, 6, 0, 1, 1, 0, 1, 0, 0.375, 1, 0.3333333333333333, 1, 0.4, 0.7999999999999998
21, 0.03174603174603177, 0.49470899470899443, 0.7685185185185184, 6, 0, 1, 1, 0, 2, 0, 0.5, 0.5, 0.5555555555555556, 0.5555555555555556, 0.5, 1, 0.42857142857142855, 1
22, 0.0111111111111111, 0.5518518518518523, 0.7185185185185186, 6, 0, 1, 1, 0, 2, 1, 0.5555555555555556, 0.5555555555555556, 0.6, 0.6, 0.5, 1
23, 0.019642857142857156, 0.5685064935064934, 0.8325757575757572, 6, 0, 1, 1, 1, 1, 1, 0.6, 0.6, 0.625, 0.625, 0.5714285714285714, 1, 0.5, 1
24, 0.01785714285714285, 0.6210317460317455, 0.826388888888889, 6, 0, 1, 1, 1, 2, 0, 0.625, 0.625, 0.6666666666666666, 0.6666666666666666, 0.625, 1, 0.5714285714285714, 1
25, 0.020833333333333315, 0.6805555555555559, 0.8333333333333338, 6, 0, 1, 1, 1, 2, 1, 0.6666666666666666, 0.6666666666666666, 0.75, 0.75, 0.6666666666666666, 1, 0.625, 1
26, 0.005952380952380987, 0.710317460317461, 0.9166666666666643, 6, 0, 1, 2, 0, 2, 1, 0.75, 0.75, 0.7142857142857143, 1, 0.6666666666666666, 1
27, 0.007936507936507908, 0.7473544973544974, 0.8842592592592602, 6, 0, 1, 2, 0, 3, 0, 0.75, 0.75, 0.7777777777777778, 0.7777777777777778, 0.75, 1, 0.7142857142857143, 1
28, 0.002777777777777768, 0.7759259259259293, 0.8592592592592626, 6, 0, 1, 2, 0, 3, 1, 0.7777777777777778, 0.7777777777777778, 0.8, 0.8, 0.75, 1
29, 0.01607142857142857, 0.8162698412698413, 0.9194444444444443, 6, 0, 1, 2, 1, 2, 1, 0.8, 0.8, 0.875, 0.875, 0.8571428571428571, 1, 0.75, 1
30, 0.0019841269841270326, 0.8736772486772406, 0.942129629629623, 6, 0, 1, 2, 1, 3, 0, 0.875, 0.875, 0.8888888888888888, 0.8888888888888888, 0.875, 1, 0.8571428571428571, 1
31, 0.00694444444444442, 0.9212962962962973, 0.962962962962964, 6, 0, 1, 2, 1, 3, 1, 0.8888888888888888, 0.8888888888888888, 1, 1, 0.875, 1
32, 0.006944444444444444, 0.0787037037037037, 0.037037037037037035, 6, 1, 0, 0, 0, 0, 0, 0, 0, 0.125, 0, 0.1111111111111111, 0.1111111111111111
33, 0.001984126984126984, 0.12632275132275128, 0.05787037037037037, 6, 1, 0, 0, 0, 0, 1, 0.125, 0, 0.14285714285714285, 0, 0.125, 0.125, 0.1111111111111111, 0.1111111111111111
34, 0.016071428571428573, 0.18373015873015874, 0.08055555555555556, 6, 1, 0, 0, 0, 1, 0, 0.14285714285714285, 0, 0.25, 0, 0.2, 0.2, 0.125, 0.125
35, 0.002777777777777775, 0.22407407407407406, 0.14074074074074072, 6, 1, 0, 0, 1, 0, 0, 0.25, 0, 0.2222222222222222, 0.2222222222222222, 0.2, 0.2
36, 0.007936507936507936, 0.25264550264550256, 0.11574074074074074, 6, 1, 0, 0, 1, 0, 1, 0.25, 0, 0.2857142857142857, 0, 0.25, 0.25, 0.2222222222222222, 0.2222222222222222
37, 0.005952380952380952, 0.2896825396825397, 0.08333333333333333, 6, 1, 0, 0, 1, 1, 0, 0.2857142857142857, 0, 0.3333333333333333, 0, 0.25, 0.25
38, 0.020833333333333336, 0.3194444444444444, 0.16666666666666666, 6, 1, 0, 1, 0, 1, 0, 0.3333333333333333, 0, 0.375, 0, 0.3333333333333333, 0.3333333333333333, 0.25, 0.25
39, 0.01785714285714285, 0.37896825396825423, 0.17361111111111116, 6, 1, 0, 1, 0, 1, 1, 0.375, 0, 0.42857142857142855, 0, 0.375, 0.375, 0.3333333333333333, 0.3333333333333333
40, 0.019642857142857156, 0.4314935064935064, 0.1674242424242425, 6, 1, 0, 1, 0, 2, 0, 0.42857142857142855, 0, 0.5, 0, 0.4, 0.4, 0.375, 0.375
41, 0.0111111111111111, 0.44814814814814813, 0.28148148148148144, 6, 1, 0, 1, 1, 1, 0, 0.5, 0, 0.4444444444444444, 0.4444444444444444, 0.4, 0.4
42, 0.031746031746031744, 0.5052910052910051, 0.23148148148148148, 6, 1, 0, 1, 1, 1, 1, 0.5, 0, 0.5714285714285714, 0, 0.5, 0.5, 0.4444444444444444, 0.4444444444444444
43, 0.0196428571428571, 0.5685064935064936, 0.1878787878787877, 6, 1, 0, 1, 1, 2, 0, 0.5714285714285714, 0, 0.625, 0, 0.6, 0.1999999999999993, 0.5, 0.5
44, 0.004166666666666652, 0.6305555555555553, 0.0666666666666665, 6, 1, 0, 1, 1, 2, 1, 0.625, 0, 0.6666666666666666, 0, 0.6, 0.1999999999999993
45, 0.02857142857142861, 0.6444444444444449, 0.206878306878307, 6, 1, 0, 2, 0, 2, 1, 0.6666666666666666, 0, 0.7142857142857143, 0, 0.6666666666666666, 0.3333333333333335, 0.5714285714285714, 0.4285714285714288, 0.6, 0.1999999999999993
46, 0.007142857142857173, 0.5571428571428563, 0.37619047619047585, 6, 1, 0, 2, 0, 2, 0, 0.5714285714285714, 0.4285714285714288, 0.5, 0.5, 0.6, 0.1999999999999993
47, 0.005952380952380959, 0.7103174603174597, 0.11111111111111137, 6, 1, 0, 2, 0, 3, 0, 0.7142857142857143, 0, 0.75, 0, 0.6666666666666666, 0.3333333333333335
48, 0.005952380952380987, 0.710317460317461, 0.20634920634920642, 6, 1, 0, 2, 1, 2, 0, 0.75, 0, 0.7142857142857143, 0.2857142857142865, 0.6666666666666666, 0.3333333333333335
49, 0.023809523809523808, 0.7837301587301582, 0.1150793650793652, 6, 1, 0, 2, 1, 2, 1, 0.75, 0, 0.8571428571428571, 0, 0.8333333333333334, 0.16666666666666607, 0.7142857142857143, 0.2857142857142865
50, 0.0029761904761904795, 0.8551587301587321, 0.0793650793650793, 6, 1, 0, 2, 1, 3, 0, 0.8571428571428571, 0, 0.875, 0, 0.8571428571428571, 0.14285714285714324, 0.8333333333333334, 0.16666666666666607
51, 0.008928571428571452, 0.910714285714286, 0.04761904761904774, 6, 1, 0, 2, 1, 3, 1, 0.875, 0, 1, 0, 0.8571428571428571, 0.14285714285714324
52, 0.028571428571428553, 0.8857142857142852, 0.24761904761904768, 6, 1, 1, 1, 1, 3, 1, 1, 0, 0.8, 0.5999999999999996, 0.8571428571428571, 0.14285714285714324
53, 0.013095238095238132, 0.8074314574314562, 0.4319624819624821, 6, 1, 1, 1, 1, 3, 0, 0.8, 0.5999999999999996, 0.75, 0.75, 0.8333333333333334, 0.16666666666666607, 0.8571428571428571, 0.14285714285714324
54, 0.04761904761904756, 0.7450396825396827, 0.4632936507936509, 6, 1, 1, 1, 1, 2, 1, 0.75, 0.75, 0.6666666666666666, 0.6666666666666666, 0.7142857142857143, 0.2857142857142865, 0.8333333333333334, 0.16666666666666607
55, 0.014880952380952384, 0.6686507936507938, 0.48134920634920625, 6, 1, 1, 1, 1, 2, 0, 0.6666666666666666, 0.6666666666666666, 0.625, 0.625, 0.6666666666666666, 0.3333333333333335, 0.7142857142857143, 0.2857142857142865
56, 0.004166666666666666, 0.6305555555555565, 0.5194444444444447, 6, 1, 1, 1, 1, 1, 1, 0.625, 0.625, 0.6, 0.6, 0.6666666666666666, 0.3333333333333335
57, 0.012698412698412681, 0.6034391534391529, 0.47248677248677223, 6, 1, 1, 1, 0, 2, 1, 0.6, 0.6, 0.5555555555555556, 0.5555555555555556, 0.5714285714285714, 0.4285714285714288, 0.6666666666666666, 0.3333333333333335
58, 0.003968253968253954, 0.5423280423280423, 0.49470899470899543, 6, 1, 1, 1, 0, 2, 0, 0.5555555555555556, 0.5555555555555556, 0.5, 0.5, 0.5714285714285714, 0.4285714285714288
59, 0.022222222222222254, 0.85925925925926, 0.49259259259259364, 6, 1, 1, 2, 0, 3, 1, 1, 0, 0.8, 0.8, 0.7777777777777778, 0.7777777777777778, 0.8, 0.5999999999999996
60, 0.00277777777777774, 0.7759259259259305, 0.7092592592592625, 6, 1, 1, 2, 0, 3, 0, 0.7777777777777778, 0.7777777777777778, 0.75, 0.75, 0.8, 0.5999999999999996
61, 0.03749999999999998, 0.8916666666666665, 0.5583333333333331, 6, 1, 1, 2, 1, 2, 1, 1, 0, 0.875, 0.875, 0.8, 0.8
62, 0.00694444444444442, 0.9212962962962973, 0.587962962962964, 6, 1, 1, 2, 1, 3, 0, 1, 0, 0.8888888888888888, 0.8888888888888888, 0.875, 0.875
63, 0.05555555555555558, 0.9629629629629628, 0.6296296296296294, 6, 1, 1, 2, 1, 3, 1, 1, 0, 1, 1, 0.8888888888888888, 0.8888888888888888
